Timestamp, Xaccel, Yaccel, Zaccel, Xgyro, Ygyro, Zgyro, label
2022-04-26 02:16:58.219710,0.9002198242187499,6.179434484863281,11.202469567871093,-53.35114503816794,23.610687022900763,19.671755725190838,3
2022-04-26 02:16:58.273263,1.3263877197265623,3.5889082885742187,11.88721124267578,17.358778625954198,-5.625954198473282,14.557251908396946,3
2022-04-26 02:16:58.324500,3.478775012207031,4.556165759277343,11.089942089843749,18.66412213740458,-1.4732824427480915,9.687022900763358,3
2022-04-26 02:16:58.375563,3.3159692993164063,6.363788012695312,10.912771166992187,-14.748091603053435,11.900763358778626,1.015267175572519,3
2022-04-26 02:16:58.426293,1.7764976318359373,4.084508032226562,10.579977136230468,-50.23664122137404,-23.229007633587788,35.717557251908396,3
2022-04-26 02:16:58.477141,2.971204260253906,7.017405065917968,9.397241516113281,-53.70992366412214,-11.396946564885496,19.580152671755727,3
2022-04-26 02:16:58.527827,2.8754361938476563,2.482787121582031,9.655815295410155,-93.64885496183206,28.49618320610687,-20.213740458015266,3
2022-04-26 02:16:58.578582,4.110844250488281,0.9696516723632812,11.336544860839844,-32.396946564885496,-25.137404580152673,-34.70229007633588,3
2022-04-26 02:16:58.629406,2.2266075439453124,4.563348364257812,9.969455712890625,-17.435114503816795,10.549618320610687,-1.8549618320610688,3
2022-04-26 02:16:58.680268,4.225765930175781,2.655169641113281,10.529698901367187,-52.58015267175573,14.717557251908397,-51.13740458015267,3
2022-04-26 02:16:58.731592,5.7317187744140625,3.095702746582031,11.152191333007812,-33.74045801526717,49.80916030534351,-97.80152671755725,3
2022-04-26 02:16:58.786546,2.664746447753906,3.5697546752929687,12.004527124023436,-51.14503816793893,21.458015267175572,-105.78625954198473,3
2022-04-26 02:16:58.842014,2.0470424194335934,1.9800047729492187,11.640608471679688,-26.31297709923664,-21.52671755725191,-82.85496183206106,3
2022-04-26 02:16:58.897221,1.6232687255859375,1.5729904907226562,11.042058056640624,-5.183206106870229,-36.16793893129771,-79.25954198473282,3
2022-04-26 02:16:58.952343,2.133233679199219,2.020706201171875,11.403582507324218,12.50381679389313,-26.083969465648856,-68.38167938931298,3
2022-04-26 02:16:59.007405,3.047818713378906,3.1579519897460937,11.276689819335937,13.625954198473282,-18.076335877862597,-53.038167938931295,3
2022-04-26 02:16:59.062700,2.9735984619140625,2.1715409057617188,11.86805762939453,24.12213740458015,-41.7557251908397,-34.97709923664122,3
2022-04-26 02:16:59.117811,2.7365724975585937,3.84987626953125,11.568782421875,20.793893129770993,-42.969465648854964,-2.786259541984733,3
2022-04-26 02:16:59.172956,3.897760302734375,4.469974499511719,11.67652149658203,0.8015267175572519,-29.763358778625953,-18.923664122137403,3
2022-04-26 02:16:59.228048,3.794809631347656,3.859453076171875,11.161768139648437,0.8778625954198473,-10.213740458015268,-11.045801526717558,3
2022-04-26 02:16:59.283397,3.31357509765625,3.9815573608398434,10.465055456542968,30.251908396946565,-14.80916030534351,-0.061068702290076333,3
2022-04-26 02:16:59.339033,3.806780639648437,5.580884069824219,9.548076220703125,27.236641221374047,3.404580152671756,3.366412213740458,3
2022-04-26 02:16:59.390136,3.7708676147460936,5.05655390625,10.414777221679687,-2.8473282442748094,1.0305343511450382,-6.786259541984733,3
2022-04-26 02:16:59.441425,3.7924154296875,4.620809204101562,10.388441003417968,17.236641221374047,-12.106870229007633,20.580152671755727,3
2022-04-26 02:16:59.496671,4.055777612304687,5.382165332031249,9.97903251953125,-1.2366412213740459,-5.0458015267175576,24.709923664122137,3
2022-04-26 02:16:59.551819,4.695029455566406,4.65432802734375,10.206481677246094,8.32824427480916,2.7709923664122136,40.02290076335878,3
2022-04-26 02:16:59.606917,3.1962592163085937,4.417302062988281,10.129867224121092,11.709923664122137,10.977099236641221,33.87786259541985,3
2022-04-26 02:16:59.662171,4.915296008300781,5.068524914550781,9.945513696289062,31.297709923664122,16.396946564885496,29.0381679389313,3
2022-04-26 02:16:59.717260,3.7708676147460936,5.386953735351562,9.332598071289063,28.53435114503817,15.900763358778626,39.38931297709924,3
2022-04-26 02:16:59.772386,4.754884497070313,5.8226984375,8.568847741699217,13.50381679389313,27.52671755725191,35.36641221374046,3
2022-04-26 02:16:59.827463,4.520252734375,5.343858105468749,8.889670764160156,37.900763358778626,30.938931297709924,52.44274809160305,3
2022-04-26 02:16:59.882689,4.513070129394531,4.874594580078124,9.330203869628905,40.717557251908396,21.671755725190838,47.23664122137404,3
2022-04-26 02:16:59.937750,5.6311623046875,6.509834313964843,8.21690009765625,42.93893129770992,35.221374045801525,44.50381679389313,3
2022-04-26 02:16:59.992930,5.667075329589843,4.929661218261718,8.130708837890625,11.030534351145038,76.80152671755725,52.00763358778626,3
2022-04-26 02:17:00.048130,3.6248213134765623,5.973533142089844,8.973467822265624,49.74809160305343,56.23664122137404,72.54961832061069,3
2022-04-26 02:17:00.103219,5.6574985229492185,5.7317187744140625,8.990227233886719,49.83206106870229,68.08396946564885,66.19083969465649,3
2022-04-26 02:17:00.158246,4.709394665527343,6.56968935546875,7.568071447753906,32.152671755725194,92.93893129770993,49.83969465648855,3
2022-04-26 02:17:00.213208,6.983886242675781,8.506598498535157,3.7421371948242186,44.82442748091603,151.9083969465649,110.6030534351145,3
2022-04-26 02:17:00.269424,-4.479551306152343,3.373430139160156,12.567164514160156,6.00763358778626,43.900763358778626,63.89312977099237,3
2022-04-26 02:17:00.326593,1.3742717529296875,6.011840368652344,13.819331982421874,75.77862595419847,-21.66412213740458,100.27480916030534,3
2022-04-26 02:17:00.380581,2.5426421630859375,7.134720947265625,9.969455712890625,29.419847328244273,-7.290076335877862,17.6793893129771,3
2022-04-26 02:17:00.431491,4.771643908691406,3.8570588745117185,9.677363110351562,13.572519083969466,24.412213740458014,3.0916030534351147,3
2022-04-26 02:17:00.484433,3.593696691894531,4.639962817382812,8.734047656249999,28.984732824427482,61.770992366412216,69.03053435114504,3
2022-04-26 02:17:00.539450,1.675941162109375,5.664681127929687,9.428366137695312,10.648854961832061,50.6793893129771,64.97709923664122,3
2022-04-26 02:17:00.597444,3.7158009765625,4.510675927734375,9.986215124511718,49.05343511450382,11.98473282442748,74.95419847328245,3
2022-04-26 02:17:00.653612,6.244077929687499,5.272032055664062,8.231265307617187,74.45801526717557,62.70992366412214,87.19847328244275,3
2022-04-26 02:17:00.693599,3.584119885253906,5.894524487304687,6.68461103515625,52.2442748091603,104.91603053435115,107.54961832061069,3
2022-04-26 02:17:00.731727,2.8371289672851563,3.0262708984374997,8.698134631347656,57.45038167938932,12.114503816793894,84.56488549618321,3
2022-04-26 02:17:00.769411,5.391742138671875,6.663063220214843,9.868899243164062,87.1526717557252,40.74045801526717,89.2442748091603,3
2022-04-26 02:17:00.807106,5.183446594238281,8.588001354980468,10.031704956054687,32.81679389312977,26.885496183206108,97.66412213740458,3
2022-04-26 02:17:00.845309,4.364629626464843,6.394912634277343,9.636661682128906,47.587786259541986,23.50381679389313,89.62595419847328,3
2022-04-26 02:17:00.883014,6.619967590332031,6.148309863281249,8.010998754882811,74.77862595419847,34.786259541984734,73.77862595419847,3
2022-04-26 02:17:00.920757,7.1035963256835934,5.80354482421875,5.8226984375,80.90839694656489,74.77099236641222,77.49618320610686,3
2022-04-26 02:17:00.958557,7.639897497558593,5.3390697021484375,6.030993981933594,87.77862595419847,104.8854961832061,61.52671755725191,3
2022-04-26 02:17:00.996317,7.455543969726562,7.319074475097656,5.051765502929687,89.7557251908397,126.74809160305344,49.465648854961835,3
2022-04-26 02:17:01.037968,8.825027319335938,10.273519323730468,4.563348364257812,39.01526717557252,229.1908396946565,75.29007633587786,3
2022-04-26 02:17:01.075866,-1.1133037719726562,5.391742138671875,12.878410729980468,38.63358778625954,176.93129770992365,59.05343511450382,3
2022-04-26 02:17:01.113594,0.32082302246093747,5.3007624755859375,6.742071875,56.74045801526717,67.7557251908397,32.44274809160305,3
2022-04-26 02:17:01.151388,1.898601916503906,5.875370874023437,10.83376251220703,65.38931297709924,44.83969465648855,70.22137404580153,3
2022-04-26 02:17:01.192396,4.367023828124999,9.888052856445311,11.027692846679686,11.870229007633588,57.48091603053435,80.12213740458016,3
2022-04-26 02:17:01.230413,5.082890124511718,5.4013189453125,7.790732202148437,37.01526717557252,63.17557251908397,52.847328244274806,3
2022-04-26 02:17:01.268695,4.393360046386719,5.990292553710937,8.808267907714843,27.076335877862597,0.5648854961832062,-7.488549618320611,3
2022-04-26 02:17:01.306620,5.6958057495117185,6.445190869140625,4.103661645507812,-18.954198473282442,96.38167938931298,-30.519083969465647,3
2022-04-26 02:17:01.344734,5.063736511230468,5.363011718749999,7.165845568847656,33.7557251908397,154.84732824427482,-23.519083969465647,3
2022-04-26 02:17:01.390136,2.9568390502929685,6.636727001953124,8.98304462890625,49.79389312977099,105.04580152671755,12.633587786259541,3
2022-04-26 02:17:01.445323,0.8786720092773437,8.722076647949219,6.169857678222656,48.79389312977099,82.00763358778626,4.969465648854962,3
2022-04-26 02:17:01.497788,0.34237083740234375,12.50012686767578,3.303998291015625,27.099236641221374,79.22137404580153,12.229007633587786,3
2022-04-26 02:17:01.548514,-2.9544448486328125,5.9591679321289055,7.783549597167968,-32.82442748091603,99.90839694656489,75.0381679389313,3
2022-04-26 02:17:01.599228,-1.6160861206054686,10.24000050048828,6.969521032714844,1.7328244274809161,69.40458015267176,67.4885496183206,3
2022-04-26 02:17:01.650033,0.04548983154296875,8.84178673095703,7.596801867675781,30.83206106870229,33.725190839694655,72.91603053435115,3
2022-04-26 02:17:01.703999,4.134786267089844,14.858415502929686,2.0278888061523435,7.488549618320611,83.8854961832061,44.725190839694655,3
2022-04-26 02:17:01.757192,1.1037269653320312,4.841075756835937,9.995791931152343,-52.70992366412214,107.95419847328245,10.450381679389313,3
2022-04-26 02:17:01.802535,3.6248213134765623,10.831368310546875,7.6087728759765625,-43.603053435114504,136.15267175572518,72.41221374045801,3
2022-04-26 02:17:01.846824,-2.2960393920898436,4.101267443847656,9.129090930175781,-10.610687022900763,170.06106870229007,165.7175572519084,3
2022-04-26 02:17:01.896566,-1.2976572998046874,5.9208607055664055,8.851363537597656,45.29770992366412,67.92366412213741,196.8091603053435,3
2022-04-26 02:17:01.951541,2.205059729003906,11.748347546386718,5.157110375976562,104.8473282442748,97.12213740458016,203.16030534351145,3
2022-04-26 02:17:02.003596,-0.23223756103515625,16.699556579589842,3.0885201416015624,35.19847328244275,139.4732824427481,133.42748091603053,3
2022-04-26 02:17:02.054411,2.0063409912109376,8.987833032226561,3.842693664550781,11.389312977099237,103.86259541984732,78.55725190839695,3
2022-04-26 02:17:02.105229,9.457096557617186,5.9400143188476555,2.990357873535156,89.93893129770993,172.16030534351145,69.58778625954199,3
2022-04-26 02:17:02.156041,-2.96881005859375,16.594211706542968,8.305485559082031,-62.229007633587784,250.12977099236642,126.16030534351145,3
2022-04-26 02:17:02.206776,-4.304774584960938,10.043675964355469,6.248866333007812,-9.145038167938932,177.3587786259542,96.3969465648855,3
2022-04-26 02:17:02.267860,0.97683427734375,7.433996154785156,5.9591679321289055,2.786259541984733,60.80152671755725,51.67175572519084,3
2022-04-26 02:17:02.321095,2.2290017456054687,11.623849060058593,2.901772412109375,8.51908396946565,245.61832061068702,80.63358778625954,3
2022-04-26 02:17:02.372012,-3.2441432495117186,6.610390783691406,6.8593877563476555,-46.091603053435115,127.8473282442748,29.251908396946565,3
2022-04-26 02:17:02.411651,1.1611878051757811,8.987833032226561,6.133944653320312,6.900763358778626,9.900763358778626,53.68702290076336,3
2022-04-26 02:17:02.450392,1.8722656982421875,10.204087475585936,6.7085530517578125,-86.41984732824427,196.84732824427482,109.07633587786259,3
2022-04-26 02:17:02.488576,-6.737283471679687,3.1483751831054687,13.766659545898436,35.3206106870229,58.221374045801525,93.63358778625954,3
2022-04-26 02:17:02.527447,-3.1651345947265623,8.281543542480469,9.617508068847656,31.061068702290076,-41.908396946564885,80.85496183206106,3
2022-04-26 02:17:02.565878,0.023942016601562498,8.95670841064453,8.667010009765624,43.229007633587784,-6.251908396946565,116.58015267175573,3
2022-04-26 02:17:02.603850,2.7916391357421872,10.20887587890625,6.315903979492187,43.31297709923664,50.99236641221374,101.54961832061069,3
2022-04-26 02:17:02.641639,-0.5434837768554687,10.472238061523436,8.427589843749999,2.2519083969465647,81.45801526717557,51.595419847328245,3
2022-04-26 02:17:02.679448,-2.1116858642578125,8.712499841308594,6.665457421875,-17.641221374045802,58.30534351145038,71.52671755725191,3
2022-04-26 02:17:02.717186,2.1906945190429687,5.437231970214843,6.277596752929687,-16.61832061068702,2.931297709923664,82.95419847328245,3
2022-04-26 02:17:02.755274,5.628768103027343,3.1603461914062496,7.295132458496093,76.16793893129771,42.6793893129771,118.4885496183206,3
2022-04-26 02:17:02.793434,3.0837317382812497,8.623914379882812,4.163516687011718,131.09923664122138,109.76335877862596,134.96946564885496,3
2022-04-26 02:17:02.831163,0.5913678100585937,14.041992736816406,8.511386901855468,32.64885496183206,32.534351145038165,95.41984732824427,3
2022-04-26 02:17:02.868981,2.0087351928710935,11.073182678222656,6.816292126464844,16.099236641221374,59.18320610687023,114.54198473282443,3
2022-04-26 02:17:02.906666,1.6448165405273436,10.13226142578125,7.934384301757812,-15.732824427480915,123.37404580152672,150.85496183206106,3
2022-04-26 02:17:02.944367,0.15083470458984374,7.539341027832031,7.153874560546875,-40.83969465648855,40.908396946564885,47.13740458015267,3
2022-04-26 02:17:02.982014,3.4835634155273434,7.845798840332031,7.256825231933593,17.923664122137403,58.37404580152672,32.17557251908397,3
2022-04-26 02:17:03.019723,2.868253588867187,8.650250598144531,7.244854223632812,-13.374045801526718,64.2442748091603,34.083969465648856,3
2022-04-26 02:17:03.057476,2.252943762207031,7.44357296142578,7.934384301757812,-11.893129770992367,48.94656488549618,28.16030534351145,3
2022-04-26 02:17:03.101659,2.8993782104492185,7.072471704101562,7.651868505859374,-17.068702290076335,28.740458015267176,25.0381679389313,3
2022-04-26 02:17:03.152332,3.77326181640625,5.829881042480468,7.335833886718749,3.1297709923664123,34.23664122137404,4.374045801526718,3
2022-04-26 02:17:03.203023,5.549759448242187,7.213729602050781,6.4475850708007805,5.9465648854961835,55.74809160305343,18.557251908396946,3
2022-04-26 02:17:03.253853,3.660734338378906,6.562506750488281,11.159373937988281,-55.595419847328245,71.03053435114504,31.541984732824428,3
2022-04-26 02:17:03.305021,0.8810662109374999,5.209782812499999,10.266336718749999,2.3435114503816794,23.740458015267176,16.3206106870229,3
2022-04-26 02:17:03.356407,1.1731588134765625,7.0269818725585935,8.655039001464843,25.99236641221374,7.633587786259542,8.50381679389313,3
2022-04-26 02:17:03.407333,2.2098481323242187,7.697358337402343,9.770736975097655,-18.15267175572519,14.51908396946565,-10.84732824427481,3
2022-04-26 02:17:03.458272,1.6112977172851561,5.97592734375,10.244788903808594,-12.854961832061068,4.229007633587786,-1.816793893129771,3
2022-04-26 02:17:03.509165,1.0749965454101562,5.91846650390625,10.572794531249999,-1.9389312977099236,-30.30534351145038,10.763358778625955,3
2022-04-26 02:17:03.559971,3.162740393066406,6.234501123046875,10.51533369140625,-9.557251908396946,-23.84732824427481,23.068702290076335,3
2022-04-26 02:17:03.610801,3.2800562744140622,6.924031201171875,9.038111267089842,-8.435114503816793,17.236641221374047,51.87786259541985,3
2022-04-26 02:17:03.661687,0.7278373046875,5.173869787597656,8.264784130859374,-28.778625954198475,3.9770992366412212,60.64885496183206,3
2022-04-26 02:17:03.712890,2.6336218261718747,6.268019946289062,9.394847314453125,-13.045801526717558,-5.099236641221374,38.29007633587786,3
2022-04-26 02:17:03.763722,4.697423657226563,5.183446594238281,10.675745202636719,-15.84732824427481,32.99236641221374,10.396946564885496,3
2022-04-26 02:17:03.814513,3.871424084472656,6.533776330566406,9.1554271484375,-0.9541984732824428,20.48854961832061,-2.0839694656488548,3
2022-04-26 02:17:03.865407,3.27526787109375,4.153939880371094,10.235212097167969,-53.656488549618324,9.969465648854962,-38.404580152671755,3
2022-04-26 02:17:03.916536,5.348646508789062,4.319139794921875,10.141838232421874,-15.870229007633588,-3.877862595419847,-30.564885496183205,3
2022-04-26 02:17:03.967821,2.5953145996093747,6.912060192871094,9.162609753417968,-5.557251908396947,-19.53435114503817,-13.587786259541986,3
2022-04-26 02:17:04.018763,2.834734765625,5.5832782714843745,10.347739575195313,-25.099236641221374,-5.3893129770992365,10.572519083969466,3
2022-04-26 02:17:04.069605,4.331110803222656,1.7190367919921874,10.036493359375,-41.89312977099237,16.732824427480917,-33.10687022900763,3
2022-04-26 02:17:04.120294,2.612074011230469,2.0638018310546875,10.371681591796875,38.38931297709924,-5.732824427480916,-5.801526717557252,3
2022-04-26 02:17:04.170950,1.8339584716796873,4.898536596679687,10.812214697265624,24.702290076335878,12.335877862595419,1.4427480916030535,3
2022-04-26 02:17:04.225342,4.431667272949219,4.369418029785156,10.73799444580078,26.732824427480917,15.01526717557252,5.282442748091603,3
2022-04-26 02:17:04.280515,3.019088293457031,5.698199951171874,10.709264025878905,15.709923664122137,15.725190839694656,3.9236641221374047,3
2022-04-26 02:17:04.331549,2.4947581298828125,6.60799658203125,9.797073193359374,0.183206106870229,15.290076335877863,22.87786259541985,3
2022-04-26 02:17:04.382946,3.0334535034179684,5.432443566894531,10.263942517089843,-7.549618320610687,20.938931297709924,17.564885496183205,3
2022-04-26 02:17:04.433895,3.5027170288085934,4.407725256347656,10.050858569335936,17.16793893129771,22.297709923664122,13.67175572519084,3
2022-04-26 02:17:04.485573,2.6791116577148437,4.991910461425781,10.484209069824217,12.870229007633588,16.18320610687023,8.419847328244275,3
2022-04-26 02:17:04.540643,2.8610709838867185,5.334281298828125,10.311826550292968,13.740458015267176,11.412213740458014,-5.213740458015267,3
2022-04-26 02:17:04.595812,2.674323254394531,5.84185205078125,9.947907897949218,7.641221374045801,16.732824427480917,-16.3206106870229,3
2022-04-26 02:17:04.650891,3.21780703125,5.908889697265625,9.734823950195311,2.3206106870229006,10.358778625954198,-7.984732824427481,3
2022-04-26 02:17:04.706029,2.77727392578125,4.841075756835937,9.725247143554688,15.618320610687023,5.374045801526718,-28.244274809160306,3
2022-04-26 02:17:04.761037,2.588131994628906,4.311957189941406,9.9215716796875,2.9389312977099236,15.473282442748092,-56.045801526717554,3
2022-04-26 02:17:04.816126,0.8978256225585937,4.656722229003906,12.478579052734375,40.534351145038165,-49.43511450381679,-34.29007633587786,3
2022-04-26 02:17:04.871240,2.6408044311523438,7.632714892578124,9.770736975097655,3.7480916030534353,-26.458015267175572,-18.404580152671755,3
2022-04-26 02:17:04.926417,1.0486603271484374,6.813897924804687,9.07163009033203,-3.687022900763359,-29.709923664122137,-36.732824427480914,3
2022-04-26 02:17:04.981549,2.5761609863281247,6.7085530517578125,9.100360510253905,-5.038167938931298,-34.16793893129771,-45.969465648854964,3
2022-04-26 02:17:05.036655,2.70065947265625,6.828263134765624,9.481038574218749,2.1297709923664123,-25.022900763358777,-35.6793893129771,3
2022-04-26 02:17:05.091936,2.741360900878906,6.062118603515625,9.727641345214844,-8.083969465648854,-17.412213740458014,-34.45038167938932,3
2022-04-26 02:17:05.146957,2.7748797241210936,6.4092778442382805,8.94473740234375,-20.916030534351144,3.0229007633587788,-3.2290076335877864,3
2022-04-26 02:17:05.202005,3.19865341796875,6.766013891601562,9.473855969238281,13.48091603053435,-6.847328244274809,-5.091603053435114,3
2022-04-26 02:17:05.257092,2.1116858642578125,4.716577270507813,8.980650427246093,-16.091603053435115,1.4351145038167938,-24.603053435114504,3
2022-04-26 02:17:05.311113,3.1387983764648437,5.5832782714843745,9.97184991455078,35.48854961832061,-13.17557251908397,-18.129770992366414,3
2022-04-26 02:17:05.362373,2.990357873535156,6.924031201171875,9.576806640625,31.419847328244273,0.5038167938931297,-29.46564885496183,3
2022-04-26 02:17:05.413484,1.3431471313476562,7.465120776367187,9.133879333496093,10.625954198473282,-9.358778625954198,-28.19083969465649,3
2022-04-26 02:17:05.464407,1.407790576171875,6.169857678222656,9.215282189941405,-10.183206106870228,-10.916030534351146,-16.755725190839694,3
2022-04-26 02:17:05.517083,1.3479355346679687,6.830657336425781,9.976638317871092,12.84732824427481,-39.908396946564885,-8.931297709923664,3
2022-04-26 02:17:05.572217,2.7269956909179687,6.016628771972656,8.611943371582031,9.16793893129771,-13.648854961832061,-15.625954198473282,3
2022-04-26 02:17:05.627353,2.655169641113281,7.44357296142578,8.298302954101562,25.977099236641223,-28.801526717557252,-23.404580152671755,3
2022-04-26 02:17:05.682585,2.1452046874999997,7.570465649414062,8.252813122558594,0.6564885496183206,-8.007633587786259,-9.114503816793894,3
2022-04-26 02:17:05.737718,2.3774422485351563,7.793126403808594,8.202534887695313,1.1450381679389312,10.16030534351145,0.8091603053435115,3
2022-04-26 02:17:05.792817,2.142810485839844,7.5153990112304685,8.499415893554687,-3.7938931297709924,27.580152671755727,3.633587786259542,3
2022-04-26 02:17:05.847864,1.7788918334960937,7.558494641113281,8.384494213867187,3.8244274809160306,20.793893129770993,6.961832061068702,3
2022-04-26 02:17:05.903039,2.0733786376953125,7.4579381713867186,8.135497241210937,-0.7633587786259542,23.870229007633586,6.748091603053435,3
2022-04-26 02:17:05.958116,1.848323681640625,7.228094812011718,8.59278975830078,2.015267175572519,27.47328244274809,4.374045801526718,3
2022-04-26 02:17:06.013313,1.6328455322265625,7.50821640625,8.576030346679687,3.877862595419847,22.862595419847327,5.137404580152672,3
2022-04-26 02:17:06.068486,1.350329736328125,7.45075556640625,8.568847741699217,2.6030534351145036,15.633587786259541,6.114503816793893,3
2022-04-26 02:17:06.123542,1.180341418457031,7.42441934814453,8.698134631347656,4.854961832061068,9.381679389312977,8.82442748091603,3
2022-04-26 02:17:06.178565,1.5155296508789062,7.56567724609375,8.623914379882812,3.4580152671755724,4.343511450381679,5.862595419847328,3
2022-04-26 02:17:06.233591,1.637633935546875,7.4028715332031245,8.085219006347655,-0.17557251908396945,5.473282442748092,10.49618320610687,3
2022-04-26 02:17:06.289142,1.2138602416992186,7.752424975585937,9.011775048828124,5.519083969465649,2.1068702290076335,8.114503816793894,3
2022-04-26 02:17:06.345065,1.3215993164062498,7.4411787597656245,8.882488159179687,5.793893129770993,-2.5267175572519083,11.48091603053435,3
2022-04-26 02:17:06.400682,1.936909143066406,7.331045483398437,8.63109698486328,11.702290076335878,-12.305343511450381,15.610687022900763,3
2022-04-26 02:17:06.452103,1.8411410766601561,7.848193041992187,8.276755139160155,-1.5877862595419847,-5.00763358778626,33.14503816793893,3
2022-04-26 02:17:06.503015,1.695094775390625,7.42441934814453,8.166621862792969,-1.8091603053435115,-19.061068702290076,36.47328244274809,3
2022-04-26 02:17:06.558118,3.0454245117187497,7.663839514160156,7.793126403808594,-8.34351145038168,1.7633587786259541,42.282442748091604,3
2022-04-26 02:17:06.613246,2.655169641113281,6.9144543945312495,8.231265307617187,-14.274809160305344,-1.4580152671755726,31.99236641221374,3
2022-04-26 02:17:06.668416,3.651157531738281,6.756437084960937,8.532934716796875,-19.916030534351144,7.809160305343512,26.03053435114504,3
2022-04-26 02:17:06.723511,3.265691064453125,6.883329772949218,8.655039001464843,-19.72519083969466,-2.198473282442748,10.633587786259541,3
2022-04-26 02:17:06.778593,3.383006945800781,6.114791040039062,8.734047656249999,-20.458015267175572,-4.99236641221374,1.0916030534351144,3
2022-04-26 02:17:06.833779,4.058171813964844,6.217741711425781,9.009380847167968,-2.6412213740458017,-28.51145038167939,-1.1221374045801527,3
2022-04-26 02:17:06.888923,4.189852905273438,7.350199096679687,7.9295958984374995,-12.083969465648854,16.519083969465647,21.541984732824428,3
2022-04-26 02:17:06.942706,4.57771357421875,4.764461303710937,9.133879333496093,-11.435114503816793,-10.80916030534351,-14.19083969465649,3
2022-04-26 02:17:06.993553,5.437231970214843,8.154650854492187,9.145850341796875,-22.442748091603054,-18.51145038167939,-13.198473282442748,3
2022-04-26 02:17:07.045990,3.5051112304687497,4.46279189453125,10.012551342773437,-23.64885496183206,9.49618320610687,-10.740458015267176,3
2022-04-26 02:17:07.102084,4.077325427246094,6.404489440917969,9.172186560058593,0.42748091603053434,-24.412213740458014,-2.5114503816793894,3
2022-04-26 02:17:07.156551,4.132392065429687,6.928819604492187,7.999027746582031,-25.213740458015266,-3.3282442748091605,-0.3893129770992366,3
2022-04-26 02:17:07.207741,4.2137949218749995,6.691793640136718,9.181763366699219,-49.961832061068705,-1.2671755725190839,13.564885496183207,3
2022-04-26 02:17:07.258825,3.2920272827148436,4.129997863769531,9.488221179199218,-17.51145038167939,-13.091603053435115,14.511450381679388,3
2022-04-26 02:17:07.310027,4.668693237304687,5.104437939453125,9.291896643066405,-7.038167938931298,-0.9465648854961832,8.916030534351146,3
2022-04-26 02:17:07.364605,4.352658618164062,4.996698864746094,9.555258825683593,-8.549618320610687,-1.251908396946565,2.7786259541984735,3
2022-04-26 02:17:07.419908,4.525041137695312,5.2816088623046875,9.562441430664062,-10.664122137404581,7.0,4.786259541984733,3
2022-04-26 02:17:07.473172,4.149151477050781,5.003881469726562,9.588777648925781,-10.335877862595419,5.7251908396946565,4.66412213740458,3
2022-04-26 02:17:07.525791,4.434061474609375,4.996698864746094,9.665392102050781,-9.48091603053435,2.519083969465649,0.8854961832061069,3
2022-04-26 02:17:07.565545,4.204218115234375,4.671087438964843,9.76116016845703,-1.984732824427481,1.9923664122137406,-0.44274809160305345,3
2022-04-26 02:17:07.604537,4.484339709472656,4.970362646484375,9.861716638183593,2.2442748091603053,0.9312977099236641,-1.3740458015267176,3
2022-04-26 02:17:07.642774,4.338293408203125,4.927267016601562,9.696516723632811,0.48091603053435117,2.0,-3.3282442748091605,3
2022-04-26 02:17:07.681501,4.414907861328125,5.279214660644531,9.617508068847656,-1.549618320610687,3.954198473282443,-4.282442748091603,3
2022-04-26 02:17:07.720758,4.3813890380859375,4.996698864746094,9.495403784179686,-5.3893129770992365,4.068702290076335,-2.7709923664122136,3
2022-04-26 02:17:07.758928,4.434061474609375,5.085284326171875,9.694122521972655,-2.9160305343511452,4.122137404580153,-1.8396946564885497,3
2022-04-26 02:17:07.796720,4.129997863769531,4.979939453125,9.593566052246093,-4.480916030534351,4.9465648854961835,-1.183206106870229,3
2022-04-26 02:17:07.834510,4.158728283691406,4.7572786987304685,9.694122521972655,1.8091603053435115,0.8473282442748091,-0.549618320610687,3
2022-04-26 02:17:07.872387,4.355052819824219,5.140350964355468,9.581595043945311,1.2748091603053435,1.717557251908397,-1.3206106870229009,3
2022-04-26 02:17:07.910973,4.383783239746093,5.078101721191406,9.612719665527344,0.916030534351145,4.1603053435114505,-1.0610687022900764,3
2022-04-26 02:17:07.949314,4.271255761718749,4.939238024902344,9.658209497070311,-1.0687022900763359,4.687022900763359,-1.8015267175572518,3
2022-04-26 02:17:07.987088,4.369418029785156,5.082890124511718,9.679757312011718,2.3969465648854964,4.358778625954199,-0.9465648854961832,3
2022-04-26 02:17:08.024910,4.271255761718749,5.03740029296875,9.749189160156249,-1.6412213740458015,5.190839694656488,-0.061068702290076333,3
2022-04-26 02:17:08.062830,4.185064501953125,5.068524914550781,9.617508068847656,-2.2519083969465647,4.580152671755725,1.7251908396946565,3
2022-04-26 02:17:08.100575,4.402936853027343,4.88417138671875,9.713276135253906,-0.6564885496183206,5.480916030534351,1.5114503816793894,3
2022-04-26 02:17:08.138352,4.309562988281249,5.166687182617188,9.713276135253906,0.9923664122137404,4.175572519083969,2.595419847328244,3
2022-04-26 02:17:08.176105,4.309562988281249,5.200206005859375,9.56962403564453,-0.5648854961832062,4.312977099236641,2.549618320610687,3
2022-04-26 02:17:08.213836,4.218583325195312,4.936843823242187,9.696516723632811,0.022900763358778626,3.3740458015267176,1.297709923664122,3
2022-04-26 02:17:08.257399,4.244919543457031,5.066130712890625,9.744400756835937,-1.534351145038168,3.5801526717557253,0.8473282442748091,3
2022-04-26 02:17:08.308434,4.177881896972656,5.015852478027344,9.737218151855469,-2.0610687022900764,3.3740458015267176,-0.3282442748091603,3
2022-04-26 02:17:08.360580,4.261678955078125,5.03740029296875,9.624690673828125,-1.4732824427480915,2.7404580152671754,-1.9236641221374047,3
2022-04-26 02:17:08.411584,4.431667272949219,4.955997436523437,9.79946739501953,-1.8931297709923665,0.08396946564885496,-2.4580152671755724,3
2022-04-26 02:17:08.462573,4.086902233886718,4.814739538574218,9.56962403564453,-4.183206106870229,2.3587786259541983,-2.6259541984732824,3
2022-04-26 02:17:08.513463,4.417302062988281,4.917690209960937,9.739612353515625,1.3053435114503817,-0.3053435114503817,-5.290076335877862,3
2022-04-26 02:17:08.566762,4.352658618164062,5.161898779296875,9.787496386718749,-3.8244274809160306,-2.5801526717557253,-8.244274809160306,3
2022-04-26 02:17:08.621871,4.228160131835938,5.05655390625,9.720458740234374,-5.595419847328245,-3.83206106870229,-9.34351145038168,3
2022-04-26 02:17:08.677198,4.204218115234375,4.7381250854492185,9.665392102050781,-4.732824427480916,-0.15267175572519084,-11.068702290076336,3
2022-04-26 02:17:08.732690,4.477157104492187,5.2648494506835934,9.7683427734375,-1.2671755725190839,-0.3969465648854962,-11.80916030534351,3
2022-04-26 02:17:08.783883,4.187458703613281,5.073313317871094,9.737218151855469,-1.786259541984733,0.732824427480916,-12.412213740458014,3
2022-04-26 02:17:08.835026,4.031835595703125,5.035006091308594,9.667786303710937,0.2748091603053435,-1.9083969465648856,-12.007633587786259,3
2022-04-26 02:17:08.890310,4.177881896972656,5.248090039062499,9.495403784179686,1.0305343511450382,-7.908396946564886,-10.038167938931299,3
2022-04-26 02:17:08.945472,4.000710974121094,5.355829113769531,9.545682019042967,-0.06870229007633588,-13.374045801526718,-10.381679389312977,3
2022-04-26 02:17:09.000536,4.168305090332031,5.4013189453125,9.449913952636718,-4.984732824427481,-7.282442748091603,-10.725190839694656,3
2022-04-26 02:17:09.055759,4.283226770019531,4.721365673828124,9.361328491210937,0.06870229007633588,-4.854961832061068,-21.85496183206107,3
2022-04-26 02:17:09.110901,5.331887097167969,5.341463903808593,9.253589416503905,13.389312977099237,7.435114503816794,-30.549618320610687,3
2022-04-26 02:17:09.164588,4.431667272949219,5.566518859863281,9.126696728515624,18.99236641221374,11.610687022900763,-38.343511450381676,3
2022-04-26 02:17:09.215318,3.4572271972656248,5.7149593627929685,9.404424121093749,27.610687022900763,4.740458015267175,-35.595419847328245,3
2022-04-26 02:17:09.267745,3.0550013183593747,6.701370446777343,8.86094034423828,16.52671755725191,5.6183206106870225,-26.83206106870229,3
2022-04-26 02:17:09.325210,3.1364041748046874,6.60799658203125,9.028534460449219,2.0381679389312977,4.297709923664122,-17.610687022900763,3
2022-04-26 02:17:09.379153,3.066972326660156,6.426037255859375,9.107543115234375,8.198473282442748,-0.6870229007633588,-12.358778625954198,3
2022-04-26 02:17:09.430029,3.0238766967773434,6.720524060058593,8.908824377441405,3.5343511450381677,0.6183206106870229,-12.366412213740459,3
2022-04-26 02:17:09.484025,3.0909143432617188,6.777984899902344,8.80347950439453,2.3893129770992365,1.4961832061068703,-8.648854961832061,3
2022-04-26 02:17:09.539088,2.9448680419921875,6.629544396972656,8.923189587402343,-0.916030534351145,5.900763358778626,-6.893129770992366,3
2022-04-26 02:17:09.594140,3.189076611328125,6.6271501953125,8.916006982421875,4.809160305343512,10.83969465648855,-2.66412213740458,3
2022-04-26 02:17:09.649347,2.877830395507812,6.928819604492187,8.757989672851561,3.5419847328244276,10.916030534351146,0.5419847328244275,3
2022-04-26 02:17:09.704474,2.7054478759765623,6.749254479980468,8.8489693359375,0.8778625954198473,10.198473282442748,0.05343511450381679,3
2022-04-26 02:17:09.759608,2.8419173706054686,6.816292126464844,8.95670841064453,4.641221374045801,7.99236641221374,2.7099236641221376,3
2022-04-26 02:17:09.814652,2.43250888671875,7.184999182128906,8.935160595703124,1.2748091603053435,10.366412213740459,2.7709923664122136,3
2022-04-26 02:17:09.870350,2.636016027832031,6.742071875,8.71489404296875,1.2900763358778626,6.595419847328245,3.801526717557252,3
2022-04-26 02:17:09.925566,2.6671406494140624,6.988674645996094,8.94473740234375,-3.7557251908396947,2.5419847328244276,11.221374045801527,3
2022-04-26 02:17:09.981155,2.8467057739257813,6.663063220214843,8.884882360839843,-5.984732824427481,-2.1908396946564888,11.648854961832061,3
2022-04-26 02:17:10.037211,2.9831752685546875,6.660669018554687,9.066841687011719,-7.549618320610687,-1.450381679389313,10.82442748091603,3
2022-04-26 02:17:10.089062,3.143586779785156,6.612784985351562,8.920795385742187,-4.687022900763359,-1.8778625954198473,8.65648854961832,3
2022-04-26 02:17:10.140068,3.265691064453125,6.610390783691406,8.8872765625,-4.290076335877862,2.030534351145038,6.152671755725191,3
2022-04-26 02:17:10.194656,3.1866824096679687,6.478709692382812,8.748412866210938,-4.106870229007634,2.6793893129770994,4.748091603053435,3
2022-04-26 02:17:10.249737,3.3111808959960936,6.411672045898437,8.94473740234375,-3.8931297709923665,2.0381679389312977,0.6106870229007634,3
2022-04-26 02:17:10.305129,3.3446997192382812,6.509834313964843,8.865728747558594,-0.8396946564885496,2.381679389312977,-1.9312977099236641,3
2022-04-26 02:17:10.361320,3.0741549316406247,6.478709692382812,9.006986645507812,-2.4198473282442747,2.0229007633587788,-3.8244274809160306,3
2022-04-26 02:17:10.412365,3.220201232910156,6.5577183471679685,8.959102612304687,-2.4580152671755724,0.8396946564885496,-3.5877862595419847,3
2022-04-26 02:17:10.463281,3.2249896362304686,6.394912634277343,9.157821350097656,-2.618320610687023,-0.2366412213740458,-3.1526717557251906,3
2022-04-26 02:17:10.514167,3.1866824096679687,6.478709692382812,9.105148913574219,-1.7251908396946565,-0.8015267175572519,-2.7022900763358777,3
2022-04-26 02:17:10.566411,3.181894006347656,6.53138212890625,9.074024291992187,-3.6564885496183206,-0.8702290076335878,-1.549618320610687,3
2022-04-26 02:17:10.621465,3.3351229125976563,6.406883642578125,8.927977990722656,-2.2900763358778624,-1.3053435114503817,-1.465648854961832,3
2022-04-26 02:17:10.676714,3.3255461059570313,6.507440112304687,9.009380847167968,-2.564885496183206,0.20610687022900764,-1.9389312977099236,3
2022-04-26 02:17:10.731857,3.2800562744140622,6.452373474121093,8.997409838867187,0.2595419847328244,1.0229007633587786,-2.83206106870229,3
2022-04-26 02:17:10.786996,3.27526787109375,6.4643444824218745,9.0021982421875,-1.3282442748091603,2.0916030534351147,-3.732824427480916,3
2022-04-26 02:17:10.842059,3.248931652832031,6.500257507324219,9.188945971679686,-0.9312977099236641,0.6259541984732825,-3.816793893129771,3
2022-04-26 02:17:10.897236,3.306392492675781,6.5409589355468745,9.009380847167968,-2.5801526717557253,0.4961832061068702,-3.198473282442748,3
2022-04-26 02:17:10.952268,3.342305517578125,6.574477758789062,9.009380847167968,-2.1374045801526718,0.2748091603053435,-2.0916030534351147,3
2022-04-26 02:17:11.007431,3.1938650146484373,6.509834313964843,8.927977990722656,-0.7557251908396947,-0.9541984732824428,-2.572519083969466,3
2022-04-26 02:17:11.062723,3.3351229125976563,6.421248852539062,9.014169250488282,-1.1145038167938932,0.04580152671755725,-1.6870229007633588,3
2022-04-26 02:17:11.117855,3.248931652832031,6.591237170410156,8.9255837890625,-1.1908396946564885,2.213740458015267,-1.8625954198473282,3
