Timestamp, Xaccel, Yaccel, Zaccel, Xgyro, Ygyro, Zgyro, label
2022-04-26 02:17:53.720867,-3.0119056884765625,7.967903124999999,9.409212524414063,4.809160305343512,28.923664122137403,0.3816793893129771,4
2022-04-26 02:17:53.759117,-2.4013842651367185,5.80354482421875,10.601524951171875,2.4656488549618323,-0.17557251908396945,0.33587786259541985,4
2022-04-26 02:17:53.796968,-2.308010400390625,4.192247106933594,10.242394702148436,17.450381679389313,-38.11450381679389,-0.35877862595419846,4
2022-04-26 02:17:53.834853,-0.7685387329101562,6.110002636718749,10.342951171874999,25.49618320610687,-83.57251908396947,-7.8320610687022905,4
2022-04-26 02:17:53.872680,1.8219874633789062,7.4220251464843745,7.539341027832031,14.82442748091603,-25.114503816793892,-17.83206106870229,4
2022-04-26 02:17:53.910467,-1.2928688964843749,7.582436657714843,9.648632690429688,-8.412213740458014,-7.923664122137405,-19.435114503816795,4
2022-04-26 02:17:53.948224,-2.5953145996093747,7.5345526245117185,9.476250170898437,-4.885496183206107,-20.862595419847327,-9.389312977099237,4
2022-04-26 02:17:54.000297,-1.8100164550781248,6.598419775390624,9.995791931152343,-10.51908396946565,13.49618320610687,-1.213740458015267,4
2022-04-26 02:17:54.055482,-1.9201497314453124,6.351817004394531,9.387664709472656,-16.870229007633586,-0.5801526717557252,-1.8702290076335877,4
2022-04-26 02:17:54.110577,-1.1540052001953125,6.038176586914062,10.503362683105468,26.82442748091603,-40.0,14.076335877862595,4
2022-04-26 02:17:54.165826,-0.967257470703125,6.653486413574218,10.919953771972656,23.068702290076335,-46.847328244274806,6.961832061068702,4
2022-04-26 02:17:54.220946,2.521094348144531,8.655039001464843,6.801926916503906,90.61832061068702,-28.717557251908396,-24.83206106870229,4
2022-04-26 02:17:54.275234,-1.5370774658203123,9.938331091308592,4.050989208984375,-6.282442748091603,19.229007633587788,-16.954198473282442,4
2022-04-26 02:17:54.326737,-1.7669208251953124,10.022128149414062,7.268796240234375,22.748091603053435,-36.25190839694657,-54.0,4
2022-04-26 02:17:54.377983,0.48123453369140623,7.467514978027343,7.163451367187499,-14.213740458015268,-4.931297709923665,-36.87786259541985,4
2022-04-26 02:17:54.429134,-1.1707646118164061,6.734889270019531,7.551312036132812,-12.045801526717558,23.114503816793892,-6.66412213740458,4
2022-04-26 02:17:54.480294,-4.067748620605468,8.882488159179687,5.872976672363281,29.49618320610687,-23.702290076335878,-10.50381679389313,4
2022-04-26 02:17:54.531190,-0.8451531860351562,10.036493359375,5.875370874023437,-28.801526717557252,-42.030534351145036,7.541984732824427,4
2022-04-26 02:17:54.584207,1.5777788940429687,7.857769848632812,7.113173132324218,8.51908396946565,22.96946564885496,-0.7099236641221374,4
2022-04-26 02:17:54.639344,1.5251064575195312,12.983755603027342,6.081272216796875,-4.190839694656488,16.541984732824428,17.65648854961832,4
2022-04-26 02:17:54.692926,1.0582371337890624,7.752424975585937,10.730811840820312,-136.3969465648855,26.31297709923664,-8.16030534351145,4
2022-04-26 02:17:54.743726,-2.3630770385742186,1.3527239379882812,11.968614099121092,15.259541984732824,-5.442748091603053,3.1908396946564888,4
2022-04-26 02:17:54.796820,-0.15322890625,6.323086584472656,9.167398156738281,-1.6641221374045803,-60.80916030534351,5.9541984732824424,4
2022-04-26 02:17:54.851847,0.0,8.40125362548828,8.91840118408203,-31.114503816793892,26.610687022900763,1.0229007633587786,4
2022-04-26 02:17:54.907026,-4.685452648925781,6.098031628417968,8.544905725097657,-13.221374045801527,9.816793893129772,30.083969465648856,4
2022-04-26 02:17:54.962652,-0.9121908325195311,6.0908490234374995,13.694833496093748,13.687022900763358,-52.7557251908397,18.641221374045802,4
2022-04-26 02:17:55.014201,2.6240450195312497,7.417236743164062,7.390900524902343,61.51145038167939,22.083969465648856,29.061068702290076,4
2022-04-26 02:17:55.065069,-3.976768957519531,7.6279264892578125,9.282319836425781,36.00763358778626,-54.86259541984733,31.610687022900763,4
2022-04-26 02:17:55.119749,2.655169641113281,10.232817895507813,4.88417138671875,29.786259541984734,39.267175572519086,28.244274809160306,4
2022-04-26 02:17:55.174869,-0.5123591552734374,10.953472595214842,8.039729174804688,-16.557251908396946,6.717557251908397,-18.732824427480917,4
2022-04-26 02:17:55.230066,2.039859814453125,7.7787611938476555,4.963180041503906,-37.25954198473283,95.72519083969466,24.770992366412212,4
2022-04-26 02:17:55.283890,-3.0980969482421874,6.469132885742187,7.230489013671875,20.244274809160306,40.81679389312977,35.88549618320611,4
2022-04-26 02:17:55.334662,-0.7781155395507812,12.320561743164061,3.124433166503906,12.595419847328245,-24.541984732824428,21.48854961832061,4
2022-04-26 02:17:55.387420,2.925714428710937,7.596801867675781,8.762778076171875,-61.87786259541985,21.740458015267176,-4.7251908396946565,4
2022-04-26 02:17:55.444534,4.843469958496094,11.171344946289063,7.201758593749999,-10.17557251908397,110.94656488549619,24.3206106870229,4
2022-04-26 02:17:55.498363,-4.220977526855468,2.6192566162109374,11.755530151367187,8.65648854961832,32.458015267175576,6.984732824427481,4
2022-04-26 02:17:55.549236,-0.9026140258789062,8.374917407226562,8.489839086914062,-24.129770992366414,-57.97709923664122,34.656488549618324,4
2022-04-26 02:17:55.601950,3.0813375366210938,6.567295153808593,6.533776330566406,15.870229007633588,39.50381679389313,32.86259541984733,4
2022-04-26 02:17:55.657121,-4.422090466308593,7.3861121215820305,7.977479931640625,-1.786259541984733,41.61068702290076,73.05343511450381,4
2022-04-26 02:17:55.712304,-3.708618371582031,5.49708701171875,10.429142431640624,41.908396946564885,-86.61832061068702,75.83206106870229,4
2022-04-26 02:17:55.768985,4.766855505371093,8.154650854492187,8.413224633789062,84.05343511450381,37.7557251908397,63.19083969465649,4
2022-04-26 02:17:55.822131,1.0175357055664063,9.648632690429688,11.456254943847656,13.885496183206106,-9.48091603053435,43.10687022900763,4
2022-04-26 02:17:55.872916,3.670311145019531,10.129867224121092,4.946420629882812,-16.458015267175572,36.42748091603053,4.603053435114504,4
2022-04-26 02:17:55.923854,1.8602946899414061,10.031704956054687,6.327874987792969,44.091603053435115,70.73282442748092,-44.32824427480916,4
2022-04-26 02:17:55.974713,2.1978771240234374,10.237606298828124,6.730100866699218,-49.11450381679389,89.58015267175573,-29.221374045801525,4
2022-04-26 02:17:56.029662,-1.5538368774414062,4.046200805664062,8.262389929199218,-31.328244274809162,81.74809160305344,0.1297709923664122,4
2022-04-26 02:17:56.084768,-1.9512743530273435,7.163451367187499,6.380547424316406,53.98473282442748,46.961832061068705,11.854961832061068,4
2022-04-26 02:17:56.139813,-0.6057330200195312,9.816226806640625,6.035782385253906,-29.328244274809162,14.526717557251908,23.72519083969466,4
2022-04-26 02:17:56.195105,0.9600748657226562,7.659051110839843,7.40526573486328,13.267175572519085,32.6412213740458,-3.6259541984732824,4
2022-04-26 02:17:56.250198,2.6671406494140624,11.654973681640625,6.076483813476562,-4.8396946564885495,61.587786259541986,15.129770992366412,4
2022-04-26 02:17:56.305443,-3.1866824096679687,5.295974072265625,9.150638745117186,-22.251908396946565,-12.358778625954198,9.48091603053435,4
2022-04-26 02:17:56.361246,-3.1651345947265623,6.469132885742187,10.419565624999999,17.259541984732824,-50.916030534351144,21.870229007633586,4
2022-04-26 02:17:56.416522,4.046200805664062,7.522581616210937,7.364564306640625,0.13740458015267176,-20.3206106870229,12.763358778625955,4
2022-04-26 02:17:56.472431,-0.2657563842773437,6.976703637695312,9.34696328125,18.061068702290076,47.954198473282446,-43.79389312977099,4
2022-04-26 02:17:56.527646,-5.777208605957031,5.7149593627929685,11.693280908203125,-2.8931297709923665,-78.59541984732824,-34.11450381679389,4
2022-04-26 02:17:56.582958,1.5945383056640625,9.356540087890625,6.584054565429687,7.5038167938931295,13.122137404580153,-6.068702290076335,4
2022-04-26 02:17:56.638106,-2.5665841796874997,4.450820886230469,11.420341918945311,52.534351145038165,-65.95419847328245,-34.80152671755725,4
2022-04-26 02:17:56.693267,2.913743420410156,10.014945544433592,6.787561706542968,74.29770992366412,13.13740458015267,-32.06870229007634,4
2022-04-26 02:17:56.748997,-4.975151049804687,6.9527616210937495,4.898536596679687,6.633587786259542,-5.198473282442748,-74.23664122137404,4
2022-04-26 02:17:56.804725,-1.1348515869140625,11.698069311523437,7.675810522460937,-42.9236641221374,6.1679389312977095,-75.30534351145039,4
2022-04-26 02:17:56.855619,-3.028665100097656,6.330269189453125,7.64229169921875,-31.64885496183206,-45.58015267175573,-50.213740458015266,4
2022-04-26 02:17:56.907797,-3.1962592163085937,8.350975390624999,7.6279264892578125,30.96946564885496,-46.47328244274809,-35.9236641221374,4
2022-04-26 02:17:56.963384,-2.655169641113281,7.826645227050781,7.544129431152343,15.419847328244275,-73.02290076335878,-3.435114503816794,4
2022-04-26 02:17:57.016943,2.109291662597656,9.476250170898437,6.825868933105468,27.3206106870229,-17.435114503816795,-19.374045801526716,4
2022-04-26 02:17:57.067733,0.40222587890625,8.647856396484375,8.585607153320312,3.16793893129771,41.725190839694655,7.66412213740458,4
2022-04-26 02:17:57.120091,-2.176329309082031,12.990938208007812,4.6998178588867185,-155.7175572519084,-74.03053435114504,33.41984732824427,4
2022-04-26 02:17:57.175432,-5.032611889648437,0.36152445068359373,14.389151977539061,56.17557251908397,-96.25954198473282,0.44274809160305345,4
2022-04-26 02:17:57.229121,0.9217676391601562,8.33182177734375,8.798691101074219,-45.38167938931298,-98.63358778625954,-13.511450381679388,4
2022-04-26 02:17:57.279890,-3.0119056884765625,7.220912207031249,9.421183532714844,19.549618320610687,-100.06870229007633,32.954198473282446,4
2022-04-26 02:17:57.332712,-1.9584569580078124,6.133944653320312,7.062894897460937,11.511450381679388,-59.79389312977099,18.076335877862597,4
2022-04-26 02:17:57.388540,2.597708801269531,6.2201359130859375,8.169016064453125,-7.190839694656488,-11.488549618320612,-19.236641221374047,4
2022-04-26 02:17:57.442378,2.5953145996093747,5.971138940429687,12.018892333984374,-8.488549618320612,-47.89312977099237,11.854961832061068,4
2022-04-26 02:17:57.493269,1.0319009155273438,5.748478186035156,7.410054138183593,25.99236641221374,-25.045801526717558,13.007633587786259,4
2022-04-26 02:17:57.544148,0.09576806640624999,7.690175732421874,9.332598071289063,62.50381679389313,-124.3969465648855,-2.66412213740458,4
2022-04-26 02:17:57.595370,5.980715747070312,10.709264025878905,7.307103466796875,26.3206106870229,13.213740458015268,-18.65648854961832,4
2022-04-26 02:17:57.649517,1.9847931762695312,8.748412866210938,4.632780212402343,-63.18320610687023,8.770992366412214,-35.152671755725194,4
2022-04-26 02:17:57.704591,3.5386300537109374,8.80347950439453,6.854599353027344,-16.076335877862597,29.15267175572519,-55.19847328244275,4
2022-04-26 02:17:57.760312,1.9728221679687499,7.924807495117187,7.184999182128906,-53.6793893129771,18.740458015267176,-12.969465648854962,4
2022-04-26 02:17:57.815405,1.120486376953125,2.8754361938476563,5.8610056640625,-15.251908396946565,1.8396946564885497,-46.51145038167939,4
2022-04-26 02:17:57.867929,3.2824504760742186,9.883264453125,6.5409589355468745,14.091603053435115,46.94656488549618,-32.603053435114504,4
2022-04-26 02:17:57.918657,0.16280571289062498,8.386888415527343,7.903259680175781,18.099236641221374,66.6412213740458,-30.72519083969466,4
2022-04-26 02:17:57.965720,2.568978381347656,13.000515014648437,7.874529260253905,-30.755725190839694,134.55725190839695,-4.114503816793893,4
2022-04-26 02:17:58.011544,-1.2330138549804688,7.639897497558593,9.121908325195312,-17.64885496183206,25.091603053435115,-2.3740458015267176,4
2022-04-26 02:17:58.056548,-2.403778466796875,3.976768957519531,10.924742175292968,54.717557251908396,49.778625954198475,-9.282442748091603,4
2022-04-26 02:17:58.102083,-1.6472107421875,7.922413293457031,9.258377819824219,-8.938931297709924,-18.9618320610687,22.96946564885496,4
2022-04-26 02:17:58.144821,1.6400281372070311,8.2360537109375,8.058882788085937,-9.732824427480915,-6.9541984732824424,6.916030534351145,4
2022-04-26 02:17:58.183650,-1.120486376953125,9.093177905273437,7.206546997070312,-22.099236641221374,68.29007633587786,5.458015267175573,4
2022-04-26 02:17:58.222401,-3.873818286132812,5.738901379394531,9.514557397460937,-22.396946564885496,3.1526717557251906,28.267175572519083,4
2022-04-26 02:17:58.260206,0.2059013427734375,3.725377783203125,9.753977563476562,6.038167938931298,-39.603053435114504,40.587786259541986,4
2022-04-26 02:17:58.298257,2.8371289672851563,6.361393811035156,8.394071020507813,77.09923664122137,-10.427480916030534,89.04580152671755,4
2022-04-26 02:17:58.336111,-0.8164227661132812,10.740388647460938,7.829039428710937,47.770992366412216,50.13740458015267,99.33587786259542,4
2022-04-26 02:17:58.374228,-1.5155296508789062,10.565611926269531,5.159504577636718,37.6412213740458,-91.37404580152672,43.541984732824424,4
2022-04-26 02:17:58.413502,3.3111808959960936,11.235988391113281,5.7077767578125,-42.770992366412216,27.442748091603054,33.396946564885496,4
2022-04-26 02:17:58.451916,1.8076222534179687,8.085219006347655,6.622361791992187,10.770992366412214,83.3969465648855,-3.282442748091603,4
2022-04-26 02:17:58.490329,-1.0606313354492187,8.942343200683593,6.272808349609375,-23.603053435114504,11.83206106870229,-19.69465648854962,4
2022-04-26 02:17:58.529084,1.9991583862304687,9.399635717773437,6.648698010253906,-70.51908396946565,15.961832061068701,16.80916030534351,4
2022-04-26 02:17:58.567148,-1.5346832641601562,3.0980969482421874,9.13627353515625,-73.1145038167939,-10.625954198473282,7.312977099236641,4
2022-04-26 02:17:58.604884,1.3742717529296875,7.56567724609375,7.211335400390625,35.091603053435115,-34.58015267175573,29.50381679389313,4
2022-04-26 02:17:58.642599,3.392583752441406,9.763554370117188,7.244854223632812,-120.61068702290076,2.618320610687023,5.694656488549619,4
2022-04-26 02:17:58.680480,0.17956512451171874,3.8283284545898435,10.115502014160155,-32.045801526717554,-7.106870229007634,-0.15267175572519084,4
2022-04-26 02:17:58.719854,3.0693665283203124,6.299144567871093,8.98304462890625,9.290076335877863,24.80916030534351,6.534351145038168,4
2022-04-26 02:17:58.757998,3.708618371582031,9.591171850585937,10.54645831298828,-21.68702290076336,54.70229007633588,-4.412213740458015,4
2022-04-26 02:17:58.795683,-2.8203695556640622,4.165910888671875,11.135431921386719,7.488549618320611,-59.282442748091604,-19.68702290076336,4
2022-04-26 02:17:58.838297,3.5529952636718747,5.5832782714843745,8.667010009765624,38.12977099236641,-22.908396946564885,22.412213740458014,4
2022-04-26 02:17:58.889174,2.0661960327148434,5.386953735351562,8.212111694335936,20.916030534351144,-27.27480916030534,15.442748091603054,4
2022-04-26 02:17:58.941678,-0.18435352783203124,7.68059892578125,7.982268334960937,24.396946564885496,32.74809160305343,73.45038167938931,4
2022-04-26 02:17:58.996947,1.01514150390625,7.503428002929687,8.542511523437499,56.778625954198475,-40.13740458015267,61.51908396946565,4
2022-04-26 02:17:59.049682,5.908889697265625,7.5465236328125,6.406883642578125,39.25190839694657,50.2442748091603,46.404580152671755,4
2022-04-26 02:17:59.100398,2.1978771240234374,9.945513696289062,5.6024318847656245,29.66412213740458,-66.27480916030534,-12.114503816793894,4
2022-04-26 02:17:59.154054,3.2513258544921873,11.080365283203124,7.651868505859374,-84.41221374045801,45.152671755725194,-19.870229007633586,4
2022-04-26 02:17:59.210327,1.6256629272460936,7.8362220336914055,8.372523205566406,-197.24427480916032,15.381679389312977,12.16793893129771,4
2022-04-26 02:17:59.263084,3.689464758300781,3.0406361083984375,8.33182177734375,-19.82442748091603,25.633587786259543,11.473282442748092,4
2022-04-26 02:17:59.313711,1.9752163696289062,4.1754876953124995,10.019733947753906,-83.83206106870229,17.267175572519083,-16.259541984732824,4
2022-04-26 02:17:59.364680,5.334281298828125,-0.06464344482421874,10.505756884765624,94.47328244274809,46.47328244274809,-48.3206106870229,4
2022-04-26 02:17:59.415728,-2.5450363647460934,8.865728747558594,13.273454003906249,57.97709923664122,-38.49618320610687,16.053435114503817,4
2022-04-26 02:17:59.471417,3.787627026367187,4.608838195800781,9.05965908203125,109.31297709923665,-52.98473282442748,12.358778625954198,4
2022-04-26 02:17:59.525687,3.114856359863281,6.193799694824218,7.900865478515625,39.05343511450382,-22.34351145038168,10.335877862595419,4
2022-04-26 02:17:59.577085,0.2561795776367187,7.697358337402343,8.451531860351562,43.74045801526717,-38.16030534351145,55.87786259541985,4
2022-04-26 02:17:59.631724,3.153163586425781,4.934449621582031,6.153098266601562,17.328244274809162,37.12213740458015,75.46564885496183,4
2022-04-26 02:17:59.682684,3.366247534179687,9.133879333496093,6.2392895263671875,73.37404580152672,20.954198473282442,86.2824427480916,4
2022-04-26 02:17:59.733710,5.008669873046875,14.70279239501953,7.017405065917968,4.114503816793893,-6.900763358778626,-25.213740458015266,4
2022-04-26 02:17:59.784645,3.2154128295898436,12.069170568847655,8.489839086914062,-74.29770992366412,19.198473282442748,-80.1145038167939,4
2022-04-26 02:17:59.837022,5.6574985229492185,8.547299926757812,7.015010864257812,-250.13740458015266,7.412213740458015,-68.41984732824427,4
2022-04-26 02:17:59.892105,3.564966271972656,-0.7637503295898437,8.978256225585938,-60.05343511450382,-17.87786259541985,-38.3587786259542,4
2022-04-26 02:17:59.945792,2.185906115722656,6.964732629394531,7.943961108398437,-32.25954198473283,-12.305343511450381,-19.0,4
2022-04-26 02:17:59.996713,1.0319009155273438,4.695029455566406,9.9215716796875,-33.541984732824424,-18.641221374045802,-25.82442748091603,4
2022-04-26 02:18:00.049123,2.3918074584960936,3.4739866088867184,8.645462194824217,10.351145038167939,-1.3358778625954197,-37.717557251908396,4
2022-04-26 02:18:00.104169,3.5673604736328124,8.667010009765624,9.82580361328125,34.282442748091604,11.610687022900763,-8.595419847328245,4
2022-04-26 02:18:00.159254,1.1252747802734375,5.8610056640625,10.802637890625,49.038167938931295,-13.236641221374045,-16.213740458015266,4
2022-04-26 02:18:00.214431,1.0390835205078124,8.588001354980468,10.168174450683592,14.992366412213741,-5.648854961832061,-10.740458015267176,4
2022-04-26 02:18:00.269610,1.85790048828125,5.738901379394531,9.052476477050782,24.068702290076335,-28.633587786259543,31.641221374045802,4
2022-04-26 02:18:00.324685,2.059013427734375,5.80354482421875,8.334215979003906,32.74045801526717,-56.88549618320611,57.57251908396947,4
2022-04-26 02:18:00.380058,4.541800549316406,7.618349682617187,8.432378247070313,44.786259541984734,-17.69465648854962,44.48854961832061,4
2022-04-26 02:18:00.435873,5.329492895507812,7.429207751464843,8.097190014648437,-26.18320610687023,59.25190839694657,-7.022900763358779,4
2022-04-26 02:18:00.486763,2.568978381347656,4.441244079589843,8.877699755859375,2.3893129770992365,24.412213740458014,10.351145038167939,4
2022-04-26 02:18:00.538717,2.2194249389648437,5.578489868164062,8.659827404785156,19.83969465648855,-7.694656488549619,-0.35877862595419846,4
2022-04-26 02:18:00.594278,4.8889597900390624,7.474697583007812,9.320627062988281,20.3206106870229,0.8549618320610687,16.358778625954198,4
2022-04-26 02:18:00.649436,4.754884497070313,8.710105639648438,8.951920007324219,-3.9236641221374047,-2.954198473282443,1.450381679389313,4
2022-04-26 02:18:00.704560,3.2800562744140622,8.123526232910155,8.245630517578125,-41.57251908396947,23.61832061068702,-19.366412213740457,4
2022-04-26 02:18:00.759621,2.942473840332031,7.644685900878906,6.658274816894531,-27.3206106870229,7.114503816793893,-15.793893129770993,4
2022-04-26 02:18:00.815208,2.0159177978515626,6.224924316406249,7.536946826171874,-47.25954198473283,-3.236641221374046,-23.893129770992367,4
2022-04-26 02:18:00.868964,4.309562988281249,6.330269189453125,7.831433630371094,-52.93129770992366,-52.770992366412216,-76.55725190839695,4
2022-04-26 02:18:00.919814,4.04141240234375,6.229712719726562,8.839392529296875,-34.35114503816794,-103.98473282442748,-94.47328244274809,4
2022-04-26 02:18:00.972982,3.2154128295898436,3.986345764160156,9.593566052246093,-56.05343511450382,-41.12977099236641,-115.9618320610687,4
2022-04-26 02:18:01.033160,2.4253262817382812,7.280767248535156,7.050923889160156,15.625954198473282,-29.64885496183206,-69.05343511450381,4
2022-04-26 02:18:01.085559,3.220201232910156,8.817844714355468,8.789114294433594,-24.625954198473284,-23.106870229007633,-72.25954198473282,4
2022-04-26 02:18:01.136306,3.038241906738281,7.297526660156249,8.690952026367187,-28.00763358778626,-13.206106870229007,-48.916030534351144,4
2022-04-26 02:18:01.190416,2.760514514160156,6.663063220214843,7.908048083496094,-26.885496183206108,3.595419847328244,-13.061068702290076,4
2022-04-26 02:18:01.245501,4.388571643066406,7.888894470214844,9.9981861328125,-28.442748091603054,35.0,-15.877862595419847,4
2022-04-26 02:18:01.300603,3.0358477050781247,4.6639048339843745,10.084377392578125,-10.694656488549619,41.267175572519086,-31.480916030534353,4
2022-04-26 02:18:01.355711,-0.86191259765625,3.162740393066406,10.283096130371094,95.29770992366412,-23.076335877862597,-24.068702290076335,4
2022-04-26 02:18:01.412352,2.2002713256835937,5.829881042480468,11.044452258300781,66.5114503816794,-70.07633587786259,16.00763358778626,4
2022-04-26 02:18:01.467399,2.8275521606445313,10.697293017578124,6.133944653320312,58.66412213740458,-10.885496183206106,-20.587786259541986,4
2022-04-26 02:18:01.518325,1.5634136840820312,8.044517578125,6.955155822753905,-12.259541984732824,25.625954198473284,-42.32824427480916,4
2022-04-26 02:18:01.570675,1.5490484741210937,6.754042883300781,10.077194787597655,-15.694656488549619,-42.0,-20.770992366412212,4
2022-04-26 02:18:01.625783,2.39420166015625,7.486668591308593,9.014169250488282,-35.091603053435115,-28.946564885496183,7.183206106870229,4
2022-04-26 02:18:01.679400,-1.6615759521484375,8.161833459472655,12.62223115234375,-65.40458015267176,-86.61068702290076,1.9465648854961832,4
2022-04-26 02:18:01.730194,2.729389892578125,6.1267620483398435,9.564835632324218,-1.3282442748091603,-81.00763358778626,-18.19083969465649,4
2022-04-26 02:18:01.782763,-0.21787235107421873,7.951143713378905,4.9823336547851556,-60.18320610687023,-121.82442748091603,-2.8702290076335877,4
2022-04-26 02:18:01.837888,2.877830395507812,8.580818749999999,7.922413293457031,-91.09923664122137,-160.98473282442748,-37.17557251908397,4
2022-04-26 02:18:01.893018,3.6583401367187496,6.564900952148437,9.598354455566406,-142.3206106870229,-55.81679389312977,-71.9618320610687,4
2022-04-26 02:18:01.948098,4.244919543457031,3.134009973144531,10.651803186035156,-35.045801526717554,-37.847328244274806,-66.96946564885496,4
2022-04-26 02:18:02.003329,5.121197351074218,5.851428857421874,9.248801013183593,-44.51145038167939,1.4427480916030535,-77.89312977099236,4
2022-04-26 02:18:02.058440,4.141968872070312,3.23696064453125,9.983820922851562,-79.98473282442748,6.442748091603053,-90.05343511450381,4
2022-04-26 02:18:02.113392,4.745307690429687,5.729324572753906,11.283872424316405,-15.290076335877863,-10.541984732824428,-63.01526717557252,4
2022-04-26 02:18:02.168560,1.5873557006835937,1.1611878051757811,7.982268334960937,2.1755725190839694,8.358778625954198,-113.25954198473282,4
2022-04-26 02:18:02.223583,1.7357962036132812,1.7645266235351562,9.287108239746093,173.12977099236642,-81.16793893129771,-108.85496183206106,4
2022-04-26 02:18:02.278623,4.721365673828124,9.193734375,10.828974108886719,63.83206106870229,-46.61832061068702,-68.31297709923665,4
2022-04-26 02:18:02.334968,-0.23702596435546874,9.337386474609374,6.749254479980468,65.19847328244275,30.221374045801525,-82.22137404580153,4
2022-04-26 02:18:02.388949,-0.7900865478515624,8.367734802246094,10.041281762695311,-7.778625954198473,-109.93129770992367,-69.58015267175573,4
2022-04-26 02:18:02.440405,3.394977954101562,8.999804040527343,8.765172277832031,-29.022900763358777,-8.450381679389313,-9.625954198473282,4
2022-04-26 02:18:02.491417,-0.9002198242187499,6.193799694824218,9.349357482910156,10.885496183206106,-117.54198473282443,-59.68702290076336,4
2022-04-26 02:18:02.542341,-0.41419688720703124,9.9215716796875,4.6255976074218745,3.3053435114503817,28.47328244274809,-44.94656488549618,4
2022-04-26 02:18:02.595161,-2.645592834472656,11.271901416015623,6.605602380371093,-10.67175572519084,-35.267175572519086,-63.267175572519086,4
2022-04-26 02:18:02.650216,-1.867477294921875,8.760383874511719,8.825027319335938,-49.76335877862596,-57.229007633587784,-24.30534351145038,4
2022-04-26 02:18:02.705402,-3.0526071166992184,5.825092639160156,7.841010437011718,-26.14503816793893,-88.05343511450381,-6.488549618320611,4
2022-04-26 02:18:02.760948,-1.1348515869140625,7.860164050292968,6.210559106445312,-25.12213740458015,-154.793893129771,15.045801526717558,4
2022-04-26 02:18:02.816637,7.113173132324218,8.336610180664062,8.66940421142578,-75.6030534351145,-21.14503816793893,9.954198473282442,4
2022-04-26 02:18:02.871543,3.73495458984375,7.287949853515625,9.95987890625,-83.53435114503817,6.259541984732825,25.083969465648856,4
2022-04-26 02:18:02.922365,2.6599580444335937,7.369352709960937,7.091625317382812,-134.5267175572519,3.984732824427481,-24.519083969465647,4
2022-04-26 02:18:02.974522,-1.8028338500976562,-1.1420341918945311,12.617442749023438,58.50381679389313,-92.35114503816794,-64.17557251908397,4
2022-04-26 02:18:03.030716,3.421314172363281,4.781220715332031,10.165780249023436,54.908396946564885,-134.31297709923663,0.40458015267175573,4
2022-04-26 02:18:03.081397,1.936909143066406,4.932055419921875,9.753977563476562,55.0,-88.76335877862596,30.977099236641223,4
2022-04-26 02:18:03.120848,2.5713725830078125,6.6893994384765625,7.539341027832031,74.57251908396947,-41.64885496183206,25.236641221374047,4
2022-04-26 02:18:03.159932,4.371812231445312,7.42441934814453,9.485826977539062,-14.213740458015268,3.6793893129770994,-4.923664122137405,4
2022-04-26 02:18:03.198520,6.792350109863281,5.291185668945312,10.742782849121093,16.129770992366414,-18.69465648854962,-0.5801526717557252,4
2022-04-26 02:18:03.237128,4.5585599609375,7.960720520019531,9.938331091308592,41.732824427480914,-14.030534351145038,43.3206106870229,4
2022-04-26 02:18:03.276025,3.361459130859375,6.7803791015625,8.734047656249999,-29.61832061068702,32.595419847328245,7.458015267175573,4
2022-04-26 02:18:03.314524,5.1331683593749995,5.286397265624999,7.773972790527344,36.48091603053435,-63.44274809160305,-37.534351145038165,4
2022-04-26 02:18:03.352373,5.580884069824219,10.50815108642578,5.961562133789062,38.3587786259542,-51.63358778625954,3.427480916030534,4
2022-04-26 02:18:03.390377,3.756502404785156,9.016563452148437,5.482721801757812,-73.76335877862596,-7.190839694656488,10.793893129770993,4
2022-04-26 02:18:03.428515,2.779668127441406,8.049305981445311,7.266402038574219,-64.12213740458016,-70.19083969465649,-33.412213740458014,4
2022-04-26 02:18:03.469961,4.529829541015625,8.86094034423828,5.899312890625,-107.83969465648855,-28.717557251908396,-17.480916030534353,4
2022-04-26 02:18:03.507906,3.105279553222656,5.894524487304687,7.070077502441406,-154.06870229007635,-13.183206106870228,5.809160305343512,4
2022-04-26 02:18:03.545644,3.19865341796875,3.5625720703124997,9.028534460449219,-75.27480916030534,8.748091603053435,-14.15267175572519,4
2022-04-26 02:18:03.583588,6.7277066650390625,5.667075329589843,7.716511950683593,-42.14503816793893,54.343511450381676,0.6183206106870229,4
2022-04-26 02:18:03.621314,6.926425402832031,6.89530078125,8.329427575683594,-121.67175572519083,91.0381679389313,6.190839694656488,4
2022-04-26 02:18:03.659161,2.923320227050781,-1.915361328125,11.987767712402343,-33.38931297709924,69.83969465648855,-7.778625954198473,4
2022-04-26 02:18:03.697249,4.541800549316406,3.8043864379882812,12.53843409423828,96.40458015267176,35.61832061068702,40.25190839694657,4
2022-04-26 02:18:03.734997,-0.8738836059570312,4.984727856445312,13.850456604003906,45.221374045801525,32.083969465648856,9.816793893129772,4
2022-04-26 02:18:03.772976,-1.7956512451171873,5.6407391113281244,10.79545528564453,0.2595419847328244,-77.41221374045801,0.6946564885496184,4
2022-04-26 02:18:03.822572,6.68461103515625,4.089296435546875,10.77630167236328,111.4885496183206,-90.93893129770993,13.778625954198473,4
2022-04-26 02:18:03.873321,4.910507604980468,7.4603323730468745,8.389282617187499,23.595419847328245,10.80916030534351,29.106870229007633,4
2022-04-26 02:18:03.924148,0.8499415893554687,6.007051965332031,8.959102612304687,14.229007633587786,-44.18320610687023,43.045801526717554,4
2022-04-26 02:18:03.975132,5.616797094726562,5.061342309570312,8.157045056152343,-8.793893129770993,6.99236641221374,5.5038167938931295,4
2022-04-26 02:18:04.025978,5.185840795898438,3.9336733276367184,7.448361364746093,3.5114503816793894,80.97709923664122,-27.954198473282442,4
2022-04-26 02:18:04.076801,0.5674257934570313,3.35188232421875,9.119514123535156,24.786259541984734,73.29770992366412,-4.015267175572519,4
2022-04-26 02:18:04.127531,1.6160861206054686,3.6942531616210936,11.700463513183593,59.44274809160305,9.992366412213741,42.30534351145038,4
2022-04-26 02:18:04.178441,5.233724829101562,15.188815332031249,10.903194360351561,15.748091603053435,-37.458015267175576,31.52671755725191,4
2022-04-26 02:18:04.233408,4.101267443847656,8.681375219726561,6.777984899902344,-62.70229007633588,32.847328244274806,22.786259541984734,4
2022-04-26 02:18:04.287537,3.3446997192382812,8.386888415527343,7.908048083496094,-81.1526717557252,-8.213740458015268,-0.7557251908396947,4
2022-04-26 02:18:04.338187,3.4356793823242184,4.6639048339843745,8.947131604003905,-143.35114503816794,-49.916030534351144,-18.732824427480917,4
2022-04-26 02:18:04.389250,3.3638533325195312,3.5913024902343746,11.219228979492186,-61.97709923664122,-90.5114503816794,-26.610687022900763,4
2022-04-26 02:18:04.440676,6.2584431396484375,4.855440966796874,10.17056865234375,-1.183206106870229,-19.30534351145038,-27.129770992366414,4
2022-04-26 02:18:04.491495,5.530605834960937,4.2305543334960936,9.165003955078124,-5.793893129770993,-16.96946564885496,-20.099236641221374,4
2022-04-26 02:18:04.542580,2.9376854370117185,3.5146880371093747,9.572018237304688,19.603053435114504,-31.740458015267176,-26.954198473282442,4
2022-04-26 02:18:04.593523,4.565742565917969,6.5409589355468745,7.268796240234375,33.656488549618324,1.2213740458015268,26.81679389312977,4
2022-04-26 02:18:04.644284,5.504269616699219,4.182670300292968,9.260772021484375,-7.763358778625954,21.954198473282442,-25.374045801526716,4
2022-04-26 02:18:04.695207,5.896918688964844,6.787561706542968,9.885658654785155,13.259541984732824,20.114503816793892,-27.908396946564885,4
2022-04-26 02:18:04.745926,5.353434912109375,4.6447512207031245,9.871293444824218,2.9389312977099236,8.725190839694656,-11.786259541984732,4
2022-04-26 02:18:04.796823,4.393360046386719,5.090072729492187,9.009380847167968,-15.15267175572519,-1.5038167938931297,6.122137404580153,4
2022-04-26 02:18:04.847554,4.584896179199219,4.955997436523437,9.552864624023437,10.091603053435115,-12.022900763358779,-15.83969465648855,4
2022-04-26 02:18:04.899713,4.319139794921875,3.670311145019531,8.348581188964843,5.854961832061068,-29.61832061068702,-22.610687022900763,4
2022-04-26 02:18:04.954670,7.438784558105469,4.572925170898437,8.690952026367187,-10.091603053435115,-5.4961832061068705,-8.763358778625955,4
2022-04-26 02:18:05.008311,6.890512377929687,6.160280871582031,8.463502868652343,-23.923664122137403,47.221374045801525,-9.885496183206106,4
2022-04-26 02:18:05.059032,5.252878442382812,3.948038537597656,8.621520178222656,-25.83969465648855,50.900763358778626,-9.312977099236642,4
2022-04-26 02:18:05.111396,3.890577697753906,2.6503812377929687,10.319009155273436,13.633587786259541,50.47328244274809,-8.778625954198473,4
2022-04-26 02:18:05.166446,2.6408044311523438,5.600037683105469,7.45075556640625,-7.221374045801527,17.51145038167939,8.19083969465649,4
2022-04-26 02:18:05.219395,2.4109610717773435,7.558494641113281,11.33175645751953,18.900763358778626,-63.87786259541985,11.053435114503817,4
2022-04-26 02:18:05.270125,6.56968935546875,5.516240625,10.919953771972656,49.12213740458015,-64.23664122137404,33.83206106870229,4
2022-04-26 02:18:05.320873,6.074089611816406,7.625532287597656,7.900865478515625,41.038167938931295,-37.23664122137404,12.931297709923664,4
2022-04-26 02:18:05.371994,5.465962390136719,6.677428430175781,8.262389929199218,-13.145038167938932,14.458015267175572,-0.45038167938931295,4
2022-04-26 02:18:05.423122,4.285620971679688,4.587290380859375,7.654262707519531,-48.69465648854962,53.44274809160305,-12.19083969465649,4
2022-04-26 02:18:05.474443,3.1124621582031247,2.4516625,6.854599353027344,4.122137404580153,60.0,-14.770992366412214,4
2022-04-26 02:18:05.525359,2.5665841796874997,4.407725256347656,11.568782421875,87.06106870229007,-70.2824427480916,17.900763358778626,4
2022-04-26 02:18:05.576528,5.061342309570312,11.128249316406249,8.664615808105468,4.587786259541985,-26.38167938931298,6.213740458015267,4
2022-04-26 02:18:05.628126,3.6487633300781246,8.839392529296875,6.746860278320312,-37.32824427480916,-22.38167938931298,18.213740458015266,4
2022-04-26 02:18:05.679009,2.7557261108398436,5.894524487304687,7.000645654296875,-46.67175572519084,-53.587786259541986,27.572519083969464,4
2022-04-26 02:18:05.730108,5.164292980957031,6.3709706176757805,7.3549875,-22.12213740458015,-56.42748091603053,-4.633587786259542,4
2022-04-26 02:18:05.780970,6.251260534667968,5.722141967773437,8.489839086914062,-25.236641221374047,-23.87786259541985,3.8702290076335877,4
2022-04-26 02:18:05.831782,5.312733483886719,5.643133312988281,8.36294639892578,6.67175572519084,-36.16030534351145,24.96946564885496,4
2022-04-26 02:18:05.882452,3.3446997192382812,6.004657763671875,7.204152795410156,-4.595419847328245,-72.77099236641222,40.267175572519086,4
2022-04-26 02:18:05.936643,5.568913061523437,5.334281298828125,6.663063220214843,-14.183206106870228,-64.17557251908397,5.129770992366412,4
2022-04-26 02:18:05.991902,7.388506323242187,5.9591679321289055,6.9910688476562495,-2.3587786259541983,-52.83969465648855,18.206106870229007,4
2022-04-26 02:18:06.042766,7.378929516601562,6.445190869140625,5.331887097167969,-27.297709923664122,-33.56488549618321,27.610687022900763,4
2022-04-26 02:18:06.093457,8.724470849609375,4.031835595703125,6.586448767089843,-37.01526717557252,-36.93129770992366,10.694656488549619,4
2022-04-26 02:18:06.144158,9.126696728515624,5.073313317871094,5.1714755859374995,-48.6793893129771,-9.427480916030534,26.061068702290076,4
2022-04-26 02:18:06.195363,9.437942944335937,1.8052280517578123,6.53138212890625,-30.328244274809162,8.587786259541986,12.786259541984732,4
2022-04-26 02:18:06.250335,8.722076647949219,2.2098481323242187,6.679822631835937,44.267175572519086,6.488549618320611,9.725190839694656,4
2022-04-26 02:18:06.304227,8.339004382324218,4.661510632324219,6.337451794433593,14.267175572519085,5.396946564885496,5.816793893129771,4
2022-04-26 02:18:06.354910,7.766790185546874,3.4835634155273434,6.323086584472656,13.816793893129772,-2.885496183206107,3.0763358778625953,4
2022-04-26 02:18:06.406072,8.334215979003906,3.746925598144531,6.100425830078125,0.3511450381679389,-2.9236641221374047,4.3893129770992365,4
2022-04-26 02:18:06.457765,8.566453540039062,3.763685009765625,5.896918688964844,5.282442748091603,-4.587786259541985,0.1450381679389313,4
2022-04-26 02:18:06.508554,8.875305554199219,3.6343981201171873,5.968744738769531,-5.404580152671755,-7.732824427480916,-2.6793893129770994,4
2022-04-26 02:18:06.559248,8.767566479492187,3.327940307617187,5.758054992675781,-8.312977099236642,-8.709923664122137,-5.061068702290076,4
2022-04-26 02:18:06.610064,8.705317236328124,3.6583401367187496,5.4707507934570305,-7.687022900763359,-4.595419847328245,-5.00763358778626,4
2022-04-26 02:18:06.660873,8.566453540039062,3.6200329101562496,5.568913061523437,-10.206106870229007,-4.290076335877862,-8.213740458015268,4
2022-04-26 02:18:06.711647,8.47786807861328,3.5721488769531247,5.753266589355468,-3.633587786259542,-4.236641221374046,-6.282442748091603,4
2022-04-26 02:18:06.762329,8.468291271972657,3.679887951660156,5.659892724609374,-2.9160305343511452,-3.8473282442748094,-4.442748091603053,4
2022-04-26 02:18:06.814688,8.434772448730468,3.9839515624999997,5.609614489746093,-2.236641221374046,-0.5343511450381679,-2.732824427480916,4
2022-04-26 02:18:06.869706,8.47786807861328,3.9240965209960934,5.691017346191406,-2.5267175572519083,0.5725190839694656,-1.9312977099236641,4
2022-04-26 02:18:06.923502,8.604760766601562,3.7708676147460936,5.944802722167968,-0.40458015267175573,4.465648854961832,0.6030534351145038,4
2022-04-26 02:18:06.974425,8.36294639892578,4.070142822265625,5.762843395996094,1.7786259541984732,4.267175572519084,-0.22900763358778625,4
2022-04-26 02:18:07.025273,8.252813122558594,4.125209460449218,5.793968017578124,-1.5954198473282444,4.717557251908397,0.5725190839694656,4
2022-04-26 02:18:07.075972,8.556876733398436,3.69664736328125,5.947196923828125,0.9618320610687023,6.801526717557252,0.5038167938931297,4
2022-04-26 02:18:07.128094,8.20971749267578,4.13718046875,6.086060620117187,-0.3893129770992366,3.5877862595419847,0.549618320610687,4
2022-04-26 02:18:07.183155,8.152256652832031,3.957615344238281,5.9017070922851556,-2.2442748091603053,3.5572519083969465,-1.3358778625954197,4
2022-04-26 02:18:07.236993,8.2743609375,3.957615344238281,5.793968017578124,-1.7557251908396947,2.015267175572519,-1.8625954198473282,4
2022-04-26 02:18:07.287748,8.25520732421875,4.3263223999023435,5.856217260742187,-7.305343511450381,2.351145038167939,-1.3435114503816794,4
2022-04-26 02:18:07.338716,8.37012900390625,3.775656018066406,5.829881042480468,-8.992366412213741,2.3435114503816794,-5.633587786259542,4
2022-04-26 02:18:07.389792,8.403647827148436,3.8283284545898435,6.078878015136718,-7.900763358778626,1.7328244274809161,-3.984732824427481,4
2022-04-26 02:18:07.441713,8.341398583984375,3.7804444213867185,6.038176586914062,-3.633587786259542,0.6335877862595419,-3.7251908396946565,4
2022-04-26 02:18:07.492586,8.317456567382813,3.7325603881835936,5.985504150390625,-3.0916030534351147,0.6641221374045801,-3.4198473282442747,4
2022-04-26 02:18:07.544971,8.36294639892578,3.7995980346679685,6.100425830078125,-2.0381679389312977,2.0916030534351147,-1.0916030534351144,4
2022-04-26 02:18:07.600175,8.382100012207031,3.6248213134765623,6.153098266601562,-0.2900763358778626,1.2900763358778626,0.1297709923664122,4
2022-04-26 02:18:07.653966,8.307879760742187,3.8187516479492185,5.832275244140624,2.7404580152671754,3.3206106870229006,1.7328244274809161,4
2022-04-26 02:18:07.704815,8.339004382324218,3.8091748413085935,6.011840368652344,0.9389312977099237,3.450381679389313,1.3206106870229009,4
2022-04-26 02:18:07.757108,8.568847741699217,3.9528269409179684,6.059724401855468,0.5038167938931297,4.625954198473282,0.8244274809160306,4
2022-04-26 02:18:07.812362,8.243236315917969,3.907337109375,6.002263562011718,1.1526717557251909,2.6412213740458017,-0.2900763358778626,4
2022-04-26 02:18:07.865606,8.1594392578125,3.88818349609375,6.232106921386718,-3.6106870229007635,1.7709923664122138,-1.6946564885496183,4
2022-04-26 02:18:07.916429,8.339004382324218,3.8857892944335934,6.011840368652344,-4.152671755725191,0.8625954198473282,-2.5572519083969465,4
2022-04-26 02:18:07.969487,8.336610180664062,3.9528269409179684,6.086060620117187,-4.694656488549619,0.08396946564885496,-2.9618320610687023,4
2022-04-26 02:18:08.024729,8.307879760742187,3.9528269409179684,6.150704064941406,-3.8396946564885495,-2.381679389312977,-3.83206106870229,4
2022-04-26 02:18:08.079815,8.377311608886718,3.7134067749023436,5.892130285644531,-3.213740458015267,1.7328244274809161,-2.4656488549618323,4
2022-04-26 02:18:08.134968,8.33182177734375,3.8187516479492185,6.038176586914062,-3.8473282442748094,0.20610687022900764,-1.2671755725190839,4
2022-04-26 02:18:08.191055,8.379705810546875,3.835511059570312,6.0884548217773435,-0.549618320610687,2.7786259541984735,-0.7022900763358778,4
2022-04-26 02:18:08.244478,8.33182177734375,3.816357446289062,5.834669445800781,1.2748091603053435,2.3053435114503817,-0.366412213740458,4
2022-04-26 02:18:08.283964,8.14028564453125,3.909731311035156,5.928043310546875,3.0763358778625953,2.2748091603053435,0.42748091603053434,4
2022-04-26 02:18:08.323045,8.355763793945313,3.840299462890625,5.944802722167968,2.900763358778626,0.9923664122137404,0.26717557251908397,4
2022-04-26 02:18:08.361285,8.327033374023436,4.036623999023437,5.932831713867187,0.17557251908396945,0.6106870229007634,-0.5648854961832062,4
2022-04-26 02:18:08.399557,8.36294639892578,3.976768957519531,5.899312890625,-1.0687022900763359,1.1068702290076335,-1.5038167938931297,4
2022-04-26 02:18:08.439522,8.339004382324218,4.048595007324218,5.892130285644531,-1.7557251908396947,0.0,-1.3893129770992367,4
2022-04-26 02:18:08.478166,8.21690009765625,3.907337109375,5.928043310546875,-2.6793893129770994,1.748091603053435,-3.1297709923664123,4
2022-04-26 02:18:08.516040,8.224082702636718,3.976768957519531,5.942408520507812,-3.2519083969465647,-0.40458015267175573,-3.282442748091603,4
2022-04-26 02:18:08.554147,8.358157995605469,3.816357446289062,6.083666418457031,-3.7022900763358777,-1.297709923664122,-3.8931297709923665,4
2022-04-26 02:18:08.592548,8.374917407226562,3.835511059570312,6.016628771972656,-4.885496183206107,-2.0,-4.6183206106870225,4
2022-04-26 02:18:08.630642,8.346186987304687,3.699041564941406,5.686228942871093,-4.847328244274809,-4.33587786259542,-6.427480916030534,4
2022-04-26 02:18:08.668776,8.29351455078125,3.912125512695312,5.456385583496093,-0.030534351145038167,-2.595419847328244,-9.618320610687023,4
2022-04-26 02:18:08.706921,8.078036401367187,3.859453076171875,5.710170959472656,-6.564885496183206,-5.465648854961832,-10.122137404580153,4
2022-04-26 02:18:08.744767,9.143456140136719,4.479551306152343,4.953603234863281,-14.885496183206106,15.068702290076336,-5.3893129770992365,4
2022-04-26 02:18:08.782780,7.922413293457031,4.355052819824219,6.153098266601562,-11.083969465648854,5.290076335877862,-4.717557251908397,4
2022-04-26 02:18:08.820569,8.219294299316406,4.031835595703125,6.0142345703124995,-13.885496183206106,0.7633587786259542,-4.778625954198473,4
