Timestamp, Xaccel, Yaccel, Zaccel, Xgyro, Ygyro, Zgyro, label
2022-04-26 02:13:35.609031,8.494627490234375,4.61602080078125,8.427589843749999,-51.66412213740458,46.29770992366412,15.404580152671755,2
2022-04-26 02:13:35.660384,6.76122548828125,2.741360900878906,8.432378247070313,-68.52671755725191,44.68702290076336,-19.236641221374047,2
2022-04-26 02:13:35.713772,6.1650692749023435,1.6639701538085936,9.95987890625,-79.4885496183206,14.702290076335878,-57.89312977099237,2
2022-04-26 02:13:35.764986,5.142745166015625,0.7876923461914062,10.206481677246094,-65.12977099236642,-6.114503816793893,-46.79389312977099,2
2022-04-26 02:13:35.815884,5.027823486328125,0.16041151123046873,10.64222637939453,-53.70229007633588,-2.7099236641221376,-40.38931297709924,2
2022-04-26 02:13:35.866747,5.566518859863281,1.2282254516601563,10.43871923828125,-26.740458015267176,-5.816793893129771,-32.099236641221374,2
2022-04-26 02:13:35.919075,5.463568188476562,1.2210428466796874,10.505756884765624,-34.87786259541985,-11.526717557251908,-38.57251908396947,2
2022-04-26 02:13:35.974205,5.655104321289063,1.2641384765625,10.570400329589843,-19.206106870229007,-18.48854961832061,-32.06870229007634,2
2022-04-26 02:13:36.029646,6.062118603515625,1.5035586425781249,9.955090502929687,-29.549618320610687,-16.61832061068702,-31.198473282442748,2
2022-04-26 02:13:36.085605,5.868188269042968,1.177947216796875,9.811438403320311,-19.259541984732824,-16.49618320610687,-25.0381679389313,2
2022-04-26 02:13:36.140066,7.053318090820312,0.40462008056640625,9.366116894531249,5.900763358778626,-5.190839694656488,-15.351145038167939,2
2022-04-26 02:13:36.191221,6.009446166992187,2.0374656127929685,10.520122094726561,0.3435114503816794,-13.572519083969466,-16.221374045801525,2
2022-04-26 02:13:36.242184,5.942408520507812,1.707065783691406,9.579200842285156,13.305343511450381,-7.259541984732825,-4.595419847328245,2
2022-04-26 02:13:36.293680,6.361393811035156,1.879448303222656,10.077194787597655,16.458015267175572,-7.152671755725191,-2.5419847328244276,2
2022-04-26 02:13:36.346102,6.49307490234375,1.7621324218749999,9.911994873046874,8.786259541984732,-5.923664122137405,-12.374045801526718,2
2022-04-26 02:13:36.396831,6.675034228515624,1.8722656982421875,8.865728747558594,7.305343511450381,0.7786259541984732,-17.564885496183205,2
2022-04-26 02:13:36.450009,7.117961535644531,1.9919757812499999,9.277531433105468,28.206106870229007,-6.557251908396947,-23.66412213740458,2
2022-04-26 02:13:36.505295,6.912060192871094,2.834734765625,9.560047229003906,12.374045801526718,-2.5114503816793894,-31.83206106870229,2
2022-04-26 02:13:36.560575,5.748478186035156,3.1268273681640624,9.404424121093749,6.374045801526718,-0.06870229007633588,-20.564885496183205,2
2022-04-26 02:13:36.615699,6.720524060058593,3.5434184570312497,8.9255837890625,9.488549618320612,16.564885496183205,-18.47328244274809,2
2022-04-26 02:13:36.670802,6.6151791870117185,3.641580725097656,8.90643017578125,8.282442748091603,14.641221374045802,-28.763358778625953,2
2022-04-26 02:13:36.726027,5.499481213378906,2.913743420410156,7.649474304199218,16.732824427480917,11.679389312977099,-32.58015267175573,2
2022-04-26 02:13:36.781127,6.368576416015625,6.124367846679687,8.966285217285156,12.49618320610687,-4.229007633587786,-5.7251908396946565,2
2022-04-26 02:13:36.836267,4.493916516113281,2.8802245971679685,9.083601098632812,11.84732824427481,2.3282442748091605,-43.2442748091603,2
2022-04-26 02:13:36.891307,4.458003491210937,3.8857892944335934,9.739612353515625,55.41984732824427,-22.290076335877863,-22.366412213740457,2
2022-04-26 02:13:36.946502,6.268019946289062,6.114791040039062,7.584830859375,33.099236641221374,-10.114503816793894,-30.65648854961832,2
2022-04-26 02:13:37.001586,6.174646081542968,5.166687182617188,7.7596075805664055,37.86259541984733,-32.47328244274809,-48.595419847328245,2
2022-04-26 02:13:37.056211,6.296750366210937,6.066907006835937,7.474697583007812,-2.8396946564885495,-31.389312977099237,-88.65648854961832,2
2022-04-26 02:13:37.107712,8.245630517578125,4.979939453125,7.50821640625,-0.40458015267175573,-27.236641221374047,-83.73282442748092,2
2022-04-26 02:13:37.158727,4.857835168457031,4.754884497070313,7.812280017089844,6.00763358778626,-10.938931297709924,-90.87786259541984,2
2022-04-26 02:13:37.209589,4.237736938476562,7.7787611938476555,6.203376501464843,-16.938931297709924,8.17557251908397,-74.52671755725191,2
2022-04-26 02:13:37.262936,3.5913024902343746,7.754819177246094,7.151480358886718,-11.442748091603054,5.137404580152672,-60.0763358778626,2
2022-04-26 02:13:37.318109,4.007893579101562,7.7787611938476555,8.422801440429687,-54.091603053435115,0.5954198473282443,-71.64885496183206,2
2022-04-26 02:13:37.373197,2.8036101440429686,8.10197841796875,8.70771143798828,-12.625954198473282,15.442748091603054,-38.541984732824424,2
2022-04-26 02:13:37.428267,1.5921441040039062,7.864952453613281,8.300697155761718,-20.61832061068702,-11.282442748091603,-40.23664122137404,2
2022-04-26 02:13:37.483272,2.626439221191406,5.772420202636718,9.165003955078124,-30.564885496183205,-20.015267175572518,-32.030534351145036,2
2022-04-26 02:13:37.538639,3.6080619018554687,8.259995727539062,8.664615808105468,-11.419847328244275,0.05343511450381679,-1.7099236641221374,2
2022-04-26 02:13:37.593779,1.0486603271484374,5.865794067382812,8.930372192382812,-14.67175572519084,-20.099236641221374,-19.946564885496183,2
2022-04-26 02:13:37.648821,2.7174188842773437,6.6343328002929685,8.913612780761719,-3.648854961832061,-9.84732824427481,-15.664122137404581,2
2022-04-26 02:13:37.703933,2.020706201171875,7.888894470214844,8.090007409667969,10.633587786259541,14.763358778625955,12.65648854961832,2
2022-04-26 02:13:37.757434,2.7916391357421872,8.406042028808594,8.034940771484374,-6.603053435114504,42.86259541984733,25.3206106870229,2
2022-04-26 02:13:37.808271,2.3870190551757813,7.8529814453124995,8.130708837890625,-2.3282442748091605,57.18320610687023,23.778625954198475,2
2022-04-26 02:13:37.860605,-0.04548983154296875,6.174646081542968,7.37414111328125,-26.732824427480917,78.30534351145039,36.80152671755725,2
2022-04-26 02:13:37.915784,-1.886630908203125,-3.289633081054687,17.369933044433594,-9.396946564885496,6.6106870229007635,101.61832061068702,2
2022-04-26 02:13:37.970869,12.957419384765624,1.714248388671875,10.149020837402343,250.12977099236642,88.13740458015268,43.94656488549618,2
2022-04-26 02:13:38.025842,3.902548706054687,18.684349755859373,-1.4437036010742186,-20.061068702290076,40.56488549618321,25.83969465648855,2
2022-04-26 02:13:38.081376,1.0534487304687499,6.1626750732421876,16.19677423095703,-29.099236641221374,21.18320610687023,-22.358778625954198,2
2022-04-26 02:13:38.137468,0.4285620971679687,7.256825231933593,9.1554271484375,-31.18320610687023,19.458015267175572,-17.12213740458015,2
2022-04-26 02:13:38.192728,0.44532150878906246,4.6447512207031245,11.621454858398437,68.97709923664122,-44.33587786259542,-7.351145038167939,2
2022-04-26 02:13:38.248042,3.303998291015625,12.073958972167969,2.7533319091796873,23.541984732824428,27.923664122137403,2.519083969465649,2
2022-04-26 02:13:38.303315,1.2114660400390624,11.537657800292967,5.863399865722656,-24.022900763358777,-38.83969465648855,-7.0,2
2022-04-26 02:13:38.358524,3.4332851806640625,7.599196069335937,6.215347509765625,-16.00763358778626,-0.2595419847328244,0.916030534351145,2
2022-04-26 02:13:38.413699,2.5546131713867184,8.030152368164062,6.773196496582031,-2.549618320610687,2.3969465648854964,11.404580152671755,2
2022-04-26 02:13:38.468862,2.482787121582031,8.058882788085937,6.167463476562499,3.4122137404580153,-0.7709923664122137,14.145038167938932,2
2022-04-26 02:13:38.524105,3.782838623046875,8.700528833007812,6.054935998535156,12.50381679389313,20.053435114503817,30.740458015267176,2
2022-04-26 02:13:38.579436,1.7022773803710936,9.255983618164063,6.4739212890625,-20.31297709923664,-16.328244274809162,-7.587786259541985,2
2022-04-26 02:13:38.634607,4.094084838867187,7.017405065917968,7.364564306640625,-4.412213740458015,4.267175572519084,-4.877862595419847,2
2022-04-26 02:13:38.690154,3.114856359863281,8.099584216308592,7.151480358886718,-1.1984732824427482,15.236641221374045,1.816793893129771,2
2022-04-26 02:13:38.745943,1.8052280517578123,8.520963708496094,7.1395093505859375,-10.870229007633588,2.717557251908397,4.816793893129771,2
2022-04-26 02:13:38.801743,3.0358477050781247,8.525752111816406,6.744466076660156,-14.16030534351145,10.870229007633588,18.114503816793892,2
2022-04-26 02:13:38.857081,3.8283284545898435,8.001421948242188,7.4603323730468745,-27.03053435114504,30.114503816793892,20.282442748091604,2
2022-04-26 02:13:38.912290,3.7038299682617186,8.113949426269532,7.060500695800781,-42.14503816793893,55.80916030534351,10.83969465648855,2
2022-04-26 02:13:38.967414,1.8243816650390623,5.954379528808594,9.425971936035156,-18.221374045801525,32.18320610687023,-4.938931297709924,2
2022-04-26 02:13:39.022668,3.318363500976562,6.229712719726562,9.095572106933593,-13.748091603053435,-2.6259541984732824,-2.900763358778626,2
2022-04-26 02:13:39.076817,1.8171990600585937,6.064512805175781,9.023746057128905,2.3282442748091605,-36.458015267175576,-9.564885496183207,2
2022-04-26 02:13:39.128310,3.0909143432617188,7.225700610351562,6.785167504882812,12.381679389312977,-34.030534351145036,-11.580152671755725,2
2022-04-26 02:13:39.179416,4.0222587890625,6.763619689941406,8.32463917236328,18.717557251908396,-1.1145038167938932,8.694656488549619,2
2022-04-26 02:13:39.230315,3.366247534179687,6.696582043457031,8.889670764160156,10.122137404580153,1.2900763358778626,8.038167938931299,2
2022-04-26 02:13:39.282943,3.277662072753906,7.3094976684570305,7.350199096679687,-0.549618320610687,13.267175572519085,4.679389312977099,2
2022-04-26 02:13:39.338177,3.6655227416992187,7.414842541503906,7.869740856933594,25.923664122137403,27.65648854961832,9.610687022900763,2
2022-04-26 02:13:39.393326,3.0310593017578125,6.337451794433593,8.518569506835936,16.625954198473284,51.9236641221374,-9.84732824427481,2
2022-04-26 02:13:39.448363,1.7764976318359373,6.45476767578125,8.070853796386718,40.717557251908396,-11.236641221374045,-5.412213740458015,2
2022-04-26 02:13:39.503519,1.9129671264648436,8.204929089355469,8.93755479736328,46.36641221374046,-4.862595419847328,-1.4961832061068703,2
2022-04-26 02:13:39.558730,1.1875240234375,8.920795385742187,3.9791631591796874,83.9618320610687,-91.65648854961832,-7.213740458015267,2
2022-04-26 02:13:39.613861,2.123656872558594,13.067552661132812,5.767631799316406,2.969465648854962,27.213740458015266,4.580152671755725,2
2022-04-26 02:13:39.669021,1.6807295654296874,7.5537062377929685,6.833051538085937,14.816793893129772,-20.519083969465647,17.625954198473284,2
2022-04-26 02:13:39.724231,2.50912333984375,9.370905297851563,5.717353564453124,-12.114503816793894,-22.908396946564885,37.57251908396947,2
2022-04-26 02:13:39.779529,4.017470385742187,8.954314208984375,6.291961962890625,-4.396946564885496,-19.206106870229007,59.70992366412214,2
2022-04-26 02:13:39.834802,6.347028601074219,7.8338278320312495,4.335899206542969,-13.34351145038168,-0.11450381679389313,38.916030534351144,2
2022-04-26 02:13:39.888442,7.56567724609375,7.8338278320312495,4.632780212402343,-42.29770992366412,42.2442748091603,8.374045801526718,2
2022-04-26 02:13:39.939322,4.802768530273437,7.544129431152343,4.766855505371093,-59.76335877862596,41.916030534351144,-13.938931297709924,2
2022-04-26 02:13:39.991665,4.333505004882812,5.717353564453124,8.17859287109375,-41.31297709923664,50.229007633587784,-27.64885496183206,2
2022-04-26 02:13:40.047048,2.39420166015625,6.260837341308593,8.542511523437499,-19.129770992366414,38.51908396946565,-11.007633587786259,2
2022-04-26 02:13:40.102665,2.913743420410156,7.431601953125,6.347028601074219,-22.916030534351144,34.6793893129771,-4.786259541984733,2
2022-04-26 02:13:40.158132,3.2058360229492187,7.7596075805664055,6.098031628417968,5.6106870229007635,42.57251908396947,0.5114503816793893,2
2022-04-26 02:13:40.215090,4.139574670410156,9.734823950195311,5.980715747070312,-69.73282442748092,106.94656488549619,32.2442748091603,2
2022-04-26 02:13:40.270272,0.12689268798828124,3.488351818847656,10.153809240722655,-70.85496183206106,89.29007633587786,3.9160305343511452,2
2022-04-26 02:13:40.309608,1.3623007446289062,8.003816149902343,8.643067993164061,-3.6030534351145036,8.702290076335878,0.8778625954198473,2
2022-04-26 02:13:40.347596,3.81156904296875,6.203376501464843,10.503362683105468,-89.53435114503817,60.56488549618321,-14.34351145038168,2
2022-04-26 02:13:40.386994,1.0965443603515623,3.6176387084960937,11.384428894042967,-1.3206106870229009,14.51908396946565,-41.282442748091604,2
2022-04-26 02:13:40.425737,0.36631285400390623,6.49307490234375,10.263942517089843,23.68702290076336,-17.587786259541986,-38.82442748091603,2
2022-04-26 02:13:40.465073,1.4796166259765624,7.122749938964843,9.78031378173828,17.908396946564885,-13.290076335877863,-16.17557251908397,2
2022-04-26 02:13:40.504351,2.3415292236328122,7.37414111328125,9.402029919433593,-22.740458015267176,21.0381679389313,-7.282442748091603,2
2022-04-26 02:13:40.542424,0.8116343627929687,5.05655390625,10.807426293945312,-27.38167938931298,14.48091603053435,-7.015267175572519,2
2022-04-26 02:13:40.580847,1.6304513305664061,4.965574243164062,10.752359655761719,7.099236641221374,-9.274809160305344,-7.816793893129771,2
2022-04-26 02:13:40.621399,3.1555577880859373,6.794744311523437,8.542511523437499,-10.778625954198473,22.885496183206108,-0.7175572519083969,2
2022-04-26 02:13:40.659634,1.7405846069335937,6.732495068359374,9.41639512939453,-10.49618320610687,30.297709923664122,1.6564885496183206,2
2022-04-26 02:13:40.697498,0.584185205078125,7.230489013671875,9.253589416503905,-40.961832061068705,45.74045801526717,0.15267175572519084,2
2022-04-26 02:13:40.735383,-0.11013327636718749,5.896918688964844,10.704475622558594,-51.10687022900763,33.69465648854962,-5.137404580152672,2
2022-04-26 02:13:40.773186,1.3335703247070312,6.320692382812499,12.655749975585938,-13.816793893129772,8.541984732824428,-11.305343511450381,2
2022-04-26 02:13:40.811227,1.5514426757812498,4.685452648925781,10.747571252441405,-9.312977099236642,28.732824427480917,-35.80152671755725,2
2022-04-26 02:13:40.849661,0.3806780639648437,4.912901806640625,9.10993731689453,8.473282442748092,30.061068702290076,-43.786259541984734,2
2022-04-26 02:13:40.887897,-1.9416975463867185,5.0206408813476555,11.188104357910156,-11.648854961832061,15.49618320610687,-44.770992366412216,2
2022-04-26 02:13:40.926079,-2.3295582153320313,4.7931917236328125,11.633425866699218,18.38167938931298,-16.106870229007633,-38.86259541984733,2
2022-04-26 02:13:40.963899,-0.8188169677734375,5.485116003417969,10.319009155273436,26.35114503816794,-15.458015267175572,-33.52671755725191,2
2022-04-26 02:13:41.009825,0.0718260498046875,5.149927770996094,10.647014782714843,24.900763358778626,-12.17557251908397,-15.83969465648855,2
2022-04-26 02:13:41.061805,-0.7565677246093749,6.030993981933594,10.333374365234375,31.221374045801525,-30.03053435114504,-16.885496183206108,2
2022-04-26 02:13:41.116636,0.19153613281249998,6.133944653320312,10.105925207519531,36.83969465648855,-23.229007633587788,-11.732824427480915,2
2022-04-26 02:13:41.171895,0.1292868896484375,5.810727429199218,9.165003955078124,43.045801526717554,-33.778625954198475,-39.83206106870229,2
2022-04-26 02:13:41.223401,1.1851298217773436,6.323086584472656,8.67658681640625,47.717557251908396,-32.43511450381679,-16.946564885496183,2
2022-04-26 02:13:41.274245,-0.22744915771484372,8.226476904296874,9.014169250488282,87.58778625954199,-41.42748091603053,-22.610687022900763,2
2022-04-26 02:13:41.329850,0.41419688720703124,8.470685473632813,8.386888415527343,35.38931297709924,-54.458015267175576,-17.30534351145038,2
2022-04-26 02:13:41.385277,0.48123453369140623,6.801926916503906,9.631873278808593,13.114503816793894,-81.37404580152672,-50.16030534351145,2
2022-04-26 02:13:41.436004,2.3678654418945313,7.4411787597656245,6.775590698242187,35.541984732824424,-7.603053435114504,-20.946564885496183,2
2022-04-26 02:13:41.487894,-0.41898529052734373,10.27830772705078,6.227318518066406,62.66412213740458,-31.236641221374047,27.458015267175572,2
2022-04-26 02:13:41.543206,2.1308394775390624,8.90643017578125,5.623979699707031,9.442748091603054,0.15267175572519084,20.015267175572518,2
2022-04-26 02:13:41.598440,1.3000515014648437,10.594342346191405,6.203376501464843,-1.083969465648855,11.419847328244275,6.473282442748092,2
2022-04-26 02:13:41.653988,0.4333505004882812,8.564059338378906,7.5345526245117185,-21.129770992366414,-5.404580152671755,17.931297709923665,2
2022-04-26 02:13:41.708682,3.1771056030273437,7.043741284179687,6.325480786132812,-3.2290076335877864,4.541984732824427,31.251908396946565,2
2022-04-26 02:13:41.759438,1.7477672119140624,8.719682446289061,7.675810522460937,18.786259541984734,-24.38167938931298,1.83206106870229,2
2022-04-26 02:13:41.810378,1.1851298217773436,8.508992700195313,7.44357296142578,-20.6793893129771,-29.290076335877863,5.122137404580153,2
2022-04-26 02:13:41.861243,2.3678654418945313,6.782773303222656,7.709329345703124,-10.038167938931299,-9.251908396946565,12.320610687022901,2
2022-04-26 02:13:41.914259,1.7501614135742187,8.066065393066406,7.431601953125,34.458015267175576,-15.82442748091603,-4.450381679389313,2
2022-04-26 02:13:41.969124,1.7621324218749999,8.710105639648438,6.117185241699218,29.053435114503817,4.412213740458015,3.267175572519084,2
2022-04-26 02:13:42.024152,2.0638018310546875,9.052476477050782,5.72693037109375,18.625954198473284,-8.664122137404581,20.221374045801525,2
2022-04-26 02:13:42.079935,3.840299462890625,9.138667736816405,4.5322237426757805,19.099236641221374,35.19847328244275,22.49618320610687,2
2022-04-26 02:13:42.132195,3.0262708984374997,9.536105212402344,5.590460876464843,8.916030534351146,59.412213740458014,14.755725190839694,2
2022-04-26 02:13:42.183222,0.8762778076171874,9.088389501953124,7.388506323242187,-10.335877862595419,24.732824427480917,-0.030534351145038167,2
2022-04-26 02:13:42.234018,1.3168109130859373,7.771578588867187,6.835445739746094,-10.358778625954198,14.183206106870228,1.5572519083969465,2
2022-04-26 02:13:42.284726,1.7238251953125,8.29351455078125,7.153874560546875,2.099236641221374,8.961832061068701,4.030534351145038,2
2022-04-26 02:13:42.335514,2.032677209472656,9.181763366699219,6.993463049316406,7.129770992366412,15.938931297709924,27.053435114503817,2
2022-04-26 02:13:42.386273,2.9544448486328125,9.739612353515625,5.422866760253906,-11.816793893129772,18.389312977099237,38.86259541984733,2
2022-04-26 02:13:42.441202,4.395754248046875,8.214505895996094,5.6766521362304685,-26.00763358778626,41.587786259541986,42.23664122137404,2
2022-04-26 02:13:42.495432,3.67749375,7.742848168945312,7.1586629638671875,-14.969465648854962,40.58015267175573,21.18320610687023,2
2022-04-26 02:13:42.546331,3.0071172851562498,8.760383874511719,6.818686328125,-35.51145038167939,50.732824427480914,22.244274809160306,2
2022-04-26 02:13:42.597182,3.6248213134765623,8.434772448730468,6.282385156249999,-34.18320610687023,70.7175572519084,11.297709923664122,2
2022-04-26 02:13:42.647893,1.8219874633789062,8.276755139160155,8.269572534179687,-65.03053435114504,59.267175572519086,11.419847328244275,2
2022-04-26 02:13:42.699914,0.842758984375,6.931213806152344,9.392453112792968,-66.61068702290076,41.64885496183206,26.053435114503817,2
2022-04-26 02:13:42.755126,1.47482822265625,5.528211633300781,9.8449572265625,-27.702290076335878,14.282442748091603,26.19083969465649,2
2022-04-26 02:13:42.808977,2.1499930908203124,5.209782812499999,9.83777462158203,-20.328244274809162,-0.11450381679389313,-11.076335877862595,2
2022-04-26 02:13:42.859681,2.1619640991210938,4.594472985839843,9.89523546142578,10.17557251908397,-10.709923664122137,-26.6793893129771,2
2022-04-26 02:13:42.910513,1.7022773803710936,5.853823059082031,9.279925634765624,21.34351145038168,-16.16030534351145,-18.83969465648855,2
2022-04-26 02:13:42.961348,2.114080065917969,7.321468676757812,8.695740429687499,29.30534351145038,-9.19083969465649,-7.0458015267175576,2
2022-04-26 02:13:43.012076,2.403778466796875,7.867346655273437,7.9846625366210935,12.65648854961832,3.480916030534351,-12.80916030534351,2
2022-04-26 02:13:43.063584,2.3870190551757813,8.10197841796875,8.429984045410155,-9.49618320610687,12.068702290076336,-6.6106870229007635,2
2022-04-26 02:13:43.115206,2.2768857788085937,6.347028601074219,8.736441857910156,-18.244274809160306,17.977099236641223,-19.114503816793892,2
2022-04-26 02:13:43.165980,1.637633935546875,6.332663391113281,9.543287817382812,11.282442748091603,7.221374045801527,-26.96946564885496,2
2022-04-26 02:13:43.218342,1.22583125,7.5345526245117185,9.655815295410155,9.129770992366412,-9.877862595419847,-25.671755725190838,2
2022-04-26 02:13:43.273371,2.0087351928710935,6.490680700683593,9.303867651367186,9.297709923664122,-10.083969465648854,-23.66412213740458,2
2022-04-26 02:13:43.327033,1.3718775512695311,7.924807495117187,8.827421520996094,15.022900763358779,-10.312977099236642,-10.053435114503817,2
2022-04-26 02:13:43.377754,1.4317325927734375,7.967903124999999,8.480262280273436,0.09923664122137404,-13.67175572519084,0.916030534351145,2
2022-04-26 02:13:43.429958,1.8315642700195311,7.888894470214844,8.542511523437499,-12.259541984732824,-15.564885496183207,19.053435114503817,2
2022-04-26 02:13:43.485391,2.5234885498046875,7.697358337402343,8.475473876953124,-21.916030534351144,-12.51908396946565,20.793893129770993,2
2022-04-26 02:13:43.539398,2.6862942626953124,7.3932947265625,8.798691101074219,-29.27480916030534,-4.450381679389313,20.61832061068702,2
2022-04-26 02:13:43.590306,2.7269956909179687,5.968744738769531,9.777919580078125,-26.076335877862597,-10.969465648854962,7.267175572519084,2
2022-04-26 02:13:43.642712,3.4572271972656248,6.430825659179687,8.877699755859375,-13.83969465648855,6.305343511450381,3.7786259541984735,2
2022-04-26 02:13:43.698200,2.8945898071289062,6.337451794433593,9.126696728515624,-6.358778625954199,5.5038167938931295,-5.580152671755725,2
2022-04-26 02:13:43.751001,2.4396914916992185,6.687005236816406,8.839392529296875,-12.076335877862595,-3.717557251908397,-19.740458015267176,2
2022-04-26 02:13:43.801915,2.6958710693359373,6.72291826171875,9.18655177001953,-15.572519083969466,2.6106870229007635,-30.65648854961832,2
2022-04-26 02:13:43.855484,2.3127988037109373,6.586448767089843,8.659827404785156,-17.16030534351145,13.854961832061068,-18.129770992366414,2
2022-04-26 02:13:43.911150,1.5059528442382812,6.809109521484374,10.24000050048828,-11.893129770992367,6.412213740458015,-14.358778625954198,2
2022-04-26 02:13:43.966189,0.507570751953125,5.5449710449218745,9.567229833984374,-6.519083969465649,22.549618320610687,24.46564885496183,2
2022-04-26 02:13:44.021385,0.1580173095703125,6.382941625976562,10.060435375976562,4.786259541984733,-0.16030534351145037,31.52671755725191,2
2022-04-26 02:13:44.077305,2.1835119140624997,6.208164904785156,9.87608184814453,-16.954198473282442,-1.8854961832061068,48.2442748091603,2
2022-04-26 02:13:44.132596,3.1268273681640624,5.846640454101562,9.655815295410155,-9.625954198473282,30.52671755725191,59.900763358778626,2
2022-04-26 02:13:44.183856,3.0214824951171875,6.325480786132812,9.04050546875,-24.33587786259542,33.44274809160305,48.12213740458015,2
2022-04-26 02:13:44.234782,3.0550013183593747,5.667075329589843,9.804255798339844,-38.93893129770992,39.595419847328245,28.603053435114504,2
2022-04-26 02:13:44.285630,3.1483751831054687,4.8123453369140625,10.637437976074217,-19.396946564885496,12.122137404580153,12.687022900763358,2
2022-04-26 02:13:44.338255,2.6240450195312497,4.742913488769531,10.498574279785156,-21.87786259541985,5.633587786259542,12.17557251908397,2
2022-04-26 02:13:44.393245,2.6503812377929687,4.302380383300781,10.855310327148437,-18.358778625954198,-2.045801526717557,9.877862595419847,2
2022-04-26 02:13:44.448313,2.849099975585937,4.817133740234374,10.498574279785156,-21.931297709923665,-5.633587786259542,4.748091603053435,2
2022-04-26 02:13:44.503314,2.7150246826171873,4.685452648925781,10.728417639160156,-14.15267175572519,-6.66412213740458,3.984732824427481,2
2022-04-26 02:13:44.558834,3.2034418212890623,4.680664245605469,10.639832177734375,-9.786259541984732,-6.702290076335878,15.801526717557252,2
2022-04-26 02:13:44.613894,3.1387983764648437,3.9432501342773434,10.409988818359375,-5.3893129770992365,13.374045801526718,6.0,2
2022-04-26 02:13:44.668945,3.4548329956054684,4.209006518554688,10.601524951171875,-5.0,12.748091603053435,1.5648854961832062,2
2022-04-26 02:13:44.724485,2.9448680419921875,4.065354418945312,11.022904443359375,-3.5572519083969465,8.84732824427481,-0.8473282442748091,2
2022-04-26 02:13:44.779980,2.5139117431640625,3.938461730957031,10.826579907226561,-3.5343511450381677,3.1526717557251906,-0.5114503816793893,2
2022-04-26 02:13:44.835626,2.6719290527343746,3.756502404785156,10.79545528564453,-3.16793893129771,1.7557251908396947,-4.816793893129771,2
2022-04-26 02:13:44.891445,1.8746598999023436,4.580107775878906,11.312602844238281,-7.580152671755725,-7.702290076335878,-6.3893129770992365,2
2022-04-26 02:13:44.946896,2.8706477905273435,3.7205893798828122,10.94868419189453,-26.16793893129771,-3.4732824427480917,-1.1068702290076335,2
2022-04-26 02:13:45.002045,2.877830395507812,4.359841223144531,10.211270080566406,-6.541984732824427,-1.5648854961832062,-0.4580152671755725,2
2022-04-26 02:13:45.055991,3.8857892944335934,2.913743420410156,11.717222924804688,23.83206106870229,-2.50381679389313,-7.9541984732824424,2
2022-04-26 02:13:45.107436,3.5960908935546874,3.900154504394531,10.996568225097656,13.541984732824428,-7.572519083969466,4.458015267175573,2
2022-04-26 02:13:45.158584,2.940079638671875,4.410119458007812,10.374075793457031,8.854961832061068,-2.984732824427481,5.236641221374046,2
2022-04-26 02:13:45.209564,3.2609026611328122,4.386177441406249,10.733206042480468,-3.6946564885496183,4.106870229007634,9.374045801526718,2
2022-04-26 02:13:45.262297,3.6200329101562496,4.728548278808593,10.589553942871094,-9.366412213740459,7.9465648854961835,19.862595419847327,2
2022-04-26 02:13:45.317470,3.3710359375,4.278438366699218,10.383652600097655,-11.099236641221374,15.664122137404581,29.6793893129771,2
2022-04-26 02:13:45.372597,3.3494881225585935,4.335899206542969,10.529698901367187,-16.885496183206108,16.81679389312977,28.129770992366414,2
2022-04-26 02:13:45.427692,3.0047230834960934,3.921702319335937,11.087547888183593,-21.778625954198475,7.694656488549619,9.740458015267176,2
2022-04-26 02:13:45.482815,2.2170307373046874,2.901772412109375,11.01332763671875,-15.725190839694656,4.458015267175573,1.450381679389313,2
2022-04-26 02:13:45.538889,3.3303345092773435,2.8323405639648436,11.271901416015623,-11.335877862595419,2.6030534351145036,2.267175572519084,2
2022-04-26 02:13:45.591902,3.2537200561523436,3.0741549316406247,11.228805786132812,-8.076335877862595,0.2366412213740458,-3.2519083969465647,2
2022-04-26 02:13:45.643231,3.287238879394531,3.019088293457031,11.291055029296874,-7.419847328244275,-2.4732824427480917,-5.083969465648855,2
2022-04-26 02:13:45.682838,3.172317199707031,2.978386865234375,11.075576879882812,-7.595419847328245,-2.564885496183206,-6.0,2
2022-04-26 02:13:45.721043,3.3542765258789062,3.0597897216796874,11.1474029296875,-2.4885496183206106,-1.1068702290076335,-3.4427480916030535,2
2022-04-26 02:13:45.759301,3.5314474487304683,2.9927520751953125,11.17852755126953,-5.9541984732824424,2.1068702290076335,-1.984732824427481,2
2022-04-26 02:13:45.798197,3.7421371948242186,3.1364041748046874,11.087547888183593,-4.00763358778626,4.221374045801527,-2.5343511450381677,2
2022-04-26 02:13:45.836709,3.3590649291992185,3.0047230834960934,11.271901416015623,-2.717557251908397,4.030534351145038,-5.33587786259542,2
2022-04-26 02:13:45.874563,3.1004911499023438,2.7461493041992187,11.14022032470703,-2.2519083969465647,4.938931297709924,-6.603053435114504,2
2022-04-26 02:13:45.912391,3.19865341796875,2.9472622436523435,11.29344923095703,-1.7328244274809161,4.595419847328245,-5.786259541984733,2
2022-04-26 02:13:45.950256,3.0550013183593747,2.789244934082031,11.291055029296874,-1.4351145038167938,3.282442748091603,-6.740458015267175,2
2022-04-26 02:13:45.988317,3.0885201416015624,3.028665100097656,11.154585534667968,0.17557251908396945,3.3282442748091605,-6.038167938931298,2
2022-04-26 02:13:46.026491,2.987963671875,3.1603461914062496,11.2240173828125,0.20610687022900764,3.816793893129771,-4.793893129770993,2
2022-04-26 02:13:46.064745,3.246537451171875,2.932897033691406,11.03248125,3.015267175572519,6.229007633587786,-1.0381679389312977,2
2022-04-26 02:13:46.102775,3.0119056884765625,3.172317199707031,11.271901416015623,0.35877862595419846,4.259541984732825,-0.9923664122137404,2
2022-04-26 02:13:46.140934,2.9831752685546875,3.2130186279296873,11.262324609375,0.11450381679389313,3.9083969465648853,-1.099236641221374,2
2022-04-26 02:13:46.178787,2.9448680419921875,2.9472622436523435,10.960655200195312,0.22900763358778625,4.030534351145038,-2.6412213740458017,2
2022-04-26 02:13:46.216636,2.8658593872070313,3.323151904296875,11.166556542968749,-1.5114503816793894,2.145038167938931,-3.6030534351145036,2
2022-04-26 02:13:46.254423,3.038241906738281,3.0789433349609374,11.164162341308593,-1.83206106870229,2.2442748091603053,-3.0610687022900764,2
2022-04-26 02:13:46.292232,3.0166940917968748,3.1555577880859373,11.204863769531249,-1.1221374045801527,3.366412213740458,-2.0,2
2022-04-26 02:13:46.330105,2.978386865234375,3.1220389648437497,11.204863769531249,0.4198473282442748,2.3969465648854964,-5.320610687022901,2
2022-04-26 02:13:46.376100,2.9472622436523435,3.1962592163085937,11.058817468261719,0.6106870229007634,2.4427480916030535,-5.1603053435114505,2
2022-04-26 02:13:46.426942,3.1124621582031247,3.1699229980468746,11.238382592773437,-0.3969465648854962,2.0610687022900764,-3.3587786259541983,2
2022-04-26 02:13:46.480606,2.96881005859375,3.0909143432617188,11.240776794433593,0.6030534351145038,1.2748091603053435,-2.9389312977099236,2
2022-04-26 02:13:46.535807,2.9376854370117185,3.248931652832031,11.130643518066405,-1.2442748091603053,2.2748091603053435,-3.3435114503816794,2
2022-04-26 02:13:46.591114,2.932897033691406,3.3710359375,11.245565197753905,-2.2213740458015265,3.267175572519084,-2.2977099236641223,2
2022-04-26 02:13:46.646227,2.9281086303710935,3.23696064453125,11.250353601074218,-0.7251908396946565,2.7786259541984735,-1.366412213740458,2
2022-04-26 02:13:46.701291,2.952050646972656,3.1364041748046874,11.161768139648437,0.5114503816793893,2.7022900763358777,-0.7633587786259542,2
2022-04-26 02:13:46.756529,2.9041666137695312,3.3016040893554686,11.17852755126953,-0.37404580152671757,2.6259541984732824,-0.4122137404580153,2
2022-04-26 02:13:46.811674,3.0071172851562498,3.2225954345703123,11.17852755126953,-0.0916030534351145,2.5343511450381677,-1.2442748091603053,2
2022-04-26 02:13:46.866868,2.971204260253906,3.303998291015625,11.252747802734374,0.16793893129770993,2.2519083969465647,-1.5801526717557253,2
2022-04-26 02:13:46.922088,2.8012159423828122,3.1292215698242187,11.037269653320312,0.33587786259541985,1.9312977099236641,-1.1755725190839694,2
2022-04-26 02:13:46.977259,2.980781066894531,3.1675287963867187,11.092336291503905,-0.1450381679389313,3.885496183206107,-1.6793893129770991,2
2022-04-26 02:13:47.032827,3.0550013183593747,3.5098996337890624,11.195286962890624,-1.6641221374045803,1.9389312977099236,-1.4045801526717556,2
2022-04-26 02:13:47.086420,2.959233251953125,3.2800562744140622,11.276689819335937,-1.6030534351145038,2.267175572519084,-1.366412213740458,2
2022-04-26 02:13:47.137743,2.89219560546875,3.2537200561523436,11.123460913085937,-1.549618320610687,1.6717557251908397,-1.4427480916030535,2
2022-04-26 02:13:47.188769,2.868253588867187,3.356670727539062,11.1474029296875,-2.931297709923664,1.7633587786259541,-1.8015267175572518,2
2022-04-26 02:13:47.239609,2.89219560546875,3.2704794677734372,11.056423266601563,-3.5114503816793894,1.5038167938931297,-1.4427480916030535,2
2022-04-26 02:13:47.293060,3.1842882080078123,3.1794998046874996,11.200075366210937,-2.450381679389313,3.1526717557251906,-1.3511450381679388,2
2022-04-26 02:13:47.348243,3.0310593017578125,3.1364041748046874,11.058817468261719,-1.6946564885496183,2.8625954198473282,0.4351145038167939,2
2022-04-26 02:13:47.403441,2.971204260253906,3.19865341796875,11.209652172851563,-1.8473282442748091,4.061068702290076,1.6030534351145038,2
2022-04-26 02:13:47.458731,2.9376854370117185,3.0813375366210938,11.17852755126953,-0.3282442748091603,3.1297709923664123,0.7175572519083969,2
2022-04-26 02:13:47.513877,2.8993782104492185,3.1794998046874996,11.252747802734374,-0.2595419847328244,2.7404580152671754,0.9312977099236641,2
2022-04-26 02:13:47.569150,3.0597897216796874,3.1507693847656246,11.238382592773437,0.48854961832061067,2.7404580152671754,0.25190839694656486,2
2022-04-26 02:13:47.624750,2.8802245971679685,3.265691064453125,11.214440576171874,-0.648854961832061,1.5954198473282444,-0.6717557251908397,2
2022-04-26 02:13:47.680544,2.8203695556640622,3.294421484375,11.116278308105468,-1.2595419847328244,2.5572519083969465,-0.7480916030534351,2
2022-04-26 02:13:47.735906,2.978386865234375,3.2537200561523436,11.305420239257812,-0.9541984732824428,2.4656488549618323,-0.3511450381679389,2
2022-04-26 02:13:47.789673,2.7820623291015623,3.294421484375,11.1474029296875,-0.030534351145038167,0.35877862595419846,-0.7099236641221374,2
2022-04-26 02:13:47.840550,3.0741549316406247,3.1555577880859373,11.180921752929686,-1.6412213740458015,0.7938931297709924,-2.6793893129770994,2
2022-04-26 02:13:47.893018,2.8323405639648436,3.2345664428710936,11.303026037597656,-2.954198473282443,0.8778625954198473,-4.0,2
2022-04-26 02:13:47.948239,2.8993782104492185,3.2034418212890623,11.219228979492186,-3.3969465648854964,3.0916030534351147,-4.206106870229007,2
2022-04-26 02:13:48.003498,2.9951462768554684,3.114856359863281,11.271901416015623,-1.1221374045801527,2.1755725190839694,-1.1755725190839694,2
2022-04-26 02:13:48.058954,2.8467057739257813,3.227383837890625,11.109095703125,-0.35877862595419846,3.3206106870229006,0.33587786259541985,2
2022-04-26 02:13:48.111156,2.93050283203125,3.2154128295898436,11.221623181152344,0.3282442748091603,3.282442748091603,1.4580152671755726,2
2022-04-26 02:13:48.162243,2.8802245971679685,3.1579519897460937,11.283872424316405,0.35877862595419846,2.3893129770992365,0.061068702290076333,2
2022-04-26 02:13:48.217099,2.868253588867187,3.3399113159179685,11.257536206054686,-0.3511450381679389,2.6793893129770994,-1.0534351145038168,2
2022-04-26 02:13:48.272291,2.7820623291015623,3.3638533325195312,11.128249316406249,0.3282442748091603,2.3893129770992365,-0.5877862595419847,2
2022-04-26 02:13:48.327525,2.849099975585937,3.2345664428710936,11.252747802734374,0.3282442748091603,0.9923664122137404,-0.8244274809160306,2
2022-04-26 02:13:48.382767,2.906560815429687,3.5194764404296874,11.073182678222656,-1.1984732824427482,2.1603053435114505,-0.6641221374045801,2
2022-04-26 02:13:48.437913,2.8802245971679685,3.1483751831054687,11.03248125,-0.5190839694656488,2.1068702290076335,-0.8091603053435115,2
2022-04-26 02:13:48.493091,2.901772412109375,3.2321722412109373,11.291055029296874,-0.7557251908396947,1.4809160305343512,-1.1221374045801527,2
2022-04-26 02:13:48.548387,2.959233251953125,3.2632968627929686,11.166556542968749,-0.9770992366412213,1.5954198473282444,-2.2748091603053435,2
2022-04-26 02:13:48.603660,2.767697119140625,3.347093920898437,11.245565197753905,-0.7862595419847328,1.0,-2.4198473282442747,2
2022-04-26 02:13:48.658797,2.8323405639648436,3.308786694335937,11.121066711425781,-1.6106870229007633,2.198473282442748,-3.1603053435114505,2
2022-04-26 02:13:48.714479,2.8802245971679685,3.31357509765625,11.243170996093749,-2.9923664122137406,1.786259541984733,0.015267175572519083,2
2022-04-26 02:13:48.769916,2.8275521606445313,3.1603461914062496,11.314997045898437,-0.5190839694656488,3.0381679389312977,0.6793893129770993,2
2022-04-26 02:13:48.825296,2.8467057739257813,3.1411925781249996,11.243170996093749,0.42748091603053434,3.099236641221374,0.5648854961832062,2
2022-04-26 02:13:48.880500,2.89219560546875,3.2513258544921873,11.111489904785156,0.6030534351145038,3.015267175572519,-0.6106870229007634,2
2022-04-26 02:13:48.935775,2.9640216552734375,3.347093920898437,11.274295617675781,-0.3053435114503817,2.2290076335877864,-0.8473282442748091,2
2022-04-26 02:13:48.991081,2.913743420410156,3.3542765258789062,11.164162341308593,0.19083969465648856,1.748091603053435,-0.6030534351145038,2
2022-04-26 02:13:49.046594,2.896984008789062,3.318363500976562,11.18571015625,0.03816793893129771,1.213740458015267,-0.8625954198473282,2
2022-04-26 02:13:49.100739,2.829946362304687,3.5003228271484375,11.192892761230468,-1.0305343511450382,1.916030534351145,-1.2900763358778626,2
2022-04-26 02:13:49.151977,2.925714428710937,3.342305517578125,11.106701501464842,-1.4732824427480915,3.8931297709923665,-1.450381679389313,2
2022-04-26 02:13:49.204677,2.8754361938476563,3.337517114257812,11.113884106445312,-1.6641221374045803,1.2671755725190839,-1.4122137404580153,2
2022-04-26 02:13:49.259785,2.85388837890625,3.31357509765625,11.171344946289063,-1.83206106870229,0.5572519083969466,-2.213740458015267,2
2022-04-26 02:13:49.314902,2.920926025390625,3.3590649291992185,11.324573852539062,-1.6717557251908397,1.0534351145038168,-2.595419847328244,2
2022-04-26 02:13:49.370204,3.0310593017578125,3.105279553222656,11.267113012695312,-1.816793893129771,1.6564885496183206,-1.9236641221374047,2
2022-04-26 02:13:49.425377,2.93050283203125,3.201047619628906,11.2240173828125,-0.7175572519083969,2.198473282442748,-1.2671755725190839,2
2022-04-26 02:13:49.480472,2.863465185546875,3.3255461059570313,11.403582507324218,-0.7099236641221374,2.3206106870229006,0.4351145038167939,2
2022-04-26 02:13:49.535663,2.7748797241210936,3.1794998046874996,11.068394274902342,-0.732824427480916,2.4122137404580153,0.1297709923664122,2
2022-04-26 02:13:49.590829,2.8993782104492185,3.220201232910156,11.159373937988281,0.08396946564885496,1.5572519083969465,0.0916030534351145,2
2022-04-26 02:13:49.645898,2.817975354003906,3.3590649291992185,11.152191333007812,-0.4580152671755725,2.7938931297709924,-0.37404580152671757,2
2022-04-26 02:13:49.701128,2.906560815429687,3.2537200561523436,11.317391247558593,-0.8320610687022901,2.16793893129771,0.22137404580152673,2
2022-04-26 02:13:49.756325,2.858676782226562,3.2345664428710936,11.06360587158203,-0.9389312977099237,1.1908396946564885,-0.16030534351145037,2
2022-04-26 02:13:49.811470,2.8802245971679685,3.3351229125976563,11.29344923095703,-0.9618320610687023,1.8549618320610688,-0.8778625954198473,2
2022-04-26 02:13:49.866628,2.9831752685546875,3.2609026611328122,11.274295617675781,-1.7251908396946565,2.1755725190839694,-1.3740458015267176,2
2022-04-26 02:13:49.921909,2.940079638671875,3.3351229125976563,11.190498559570312,-1.786259541984733,1.5648854961832062,-1.702290076335878,2
2022-04-26 02:13:49.977076,2.935291235351562,3.327940307617187,11.226411584472656,-1.6412213740458015,1.5877862595419847,-1.7709923664122138,2
2022-04-26 02:13:50.032579,3.057395520019531,3.189076611328125,11.18571015625,-0.6183206106870229,1.4274809160305344,-1.1221374045801527,2
2022-04-26 02:13:50.088037,2.7820623291015623,3.2249896362304686,11.228805786132812,-1.6488549618320612,1.6412213740458015,-1.6870229007633588,2
2022-04-26 02:13:50.140503,2.925714428710937,3.2321722412109373,11.204863769531249,-1.1374045801526718,1.7099236641221374,-1.1984732824427482,2
2022-04-26 02:13:50.191400,2.93050283203125,3.2225954345703123,11.233594189453123,-1.183206106870229,2.2977099236641223,-0.22900763358778625,2
2022-04-26 02:13:50.245811,2.8993782104492185,3.19865341796875,11.137826123046874,-0.5725190839694656,2.6946564885496183,-1.7709923664122138,2
2022-04-26 02:13:50.300923,2.8371289672851563,3.294421484375,11.145008728027342,0.0916030534351145,2.1068702290076335,-0.3282442748091603,2
2022-04-26 02:13:50.356144,2.8898014038085935,3.303998291015625,11.209652172851563,-0.7786259541984732,1.717557251908397,-0.6870229007633588,2
2022-04-26 02:13:50.411319,2.9831752685546875,3.189076611328125,11.154585534667968,-0.3282442748091603,2.030534351145038,-1.0763358778625953,2
2022-04-26 02:13:50.466426,2.817975354003906,3.469198205566406,11.214440576171874,-2.1374045801526718,2.3740458015267176,-0.4122137404580153,2
2022-04-26 02:13:50.521609,2.935291235351562,3.4859576171874997,11.202469567871093,-1.4351145038167938,1.7328244274809161,-1.1145038167938932,2
2022-04-26 02:13:50.576824,2.923320227050781,3.423708374023437,11.135431921386719,-1.8625954198473282,0.0,-1.748091603053435,2
2022-04-26 02:13:50.630567,2.91134921875,3.27526787109375,11.279084020996093,-1.2671755725190839,0.022900763358778626,-1.2061068702290076,2
2022-04-26 02:13:50.681383,2.925714428710937,3.3446997192382812,11.233594189453123,-1.9694656488549618,1.381679389312977,-1.6488549618320612,2
2022-04-26 02:13:50.733764,2.7748797241210936,3.2537200561523436,11.092336291503905,-1.717557251908397,1.3511450381679388,-2.1068702290076335,2
2022-04-26 02:13:50.786807,2.9185318237304685,3.3111808959960936,11.195286962890624,-1.7557251908396947,1.381679389312977,-1.5954198473282444,2
